-1.035 -4.025 -2.875
-0.805 -4.025 -2.415
-0.345 -3.335 -1.955
-0.115 -2.185 -1.955
2.415 -5.175 -9.315
2.415 -4.945 -9.545
2.415 -4.715 -9.315
2.185 -3.795 -9.775
2.185 -3.795 -9.315
2.185 -5.175 -8.395
2.415 -5.175 -8.625
2.415 -5.405 -8.395
2.185 -4.945 -8.395
2.185 -4.715 -8.395
2.415 -4.485 -9.085
2.415 -4.255 -9.085
2.185 -3.795 -9.085
2.415 -4.025 -9.085
2.415 -3.795 -8.855
2.185 -3.795 -8.395
1.955 -4.945 -8.165
2.185 -4.715 -8.165
2.185 -4.715 -7.935
2.415 -4.945 -8.165
2.185 -5.175 -7.705
2.185 -4.255 -8.165
2.185 -4.025 -7.935
2.185 -4.255 -7.705
2.185 -4.025 -7.705
2.185 -3.795 -7.475
2.185 -3.335 -9.775
2.415 -3.565 -9.775
2.185 -3.105 -9.545
2.185 -2.645 -9.315
2.185 -2.185 -9.315
2.185 -1.955 -9.315
2.185 -1.265 -9.315
2.185 -1.035 -9.315
2.185 -3.335 -9.085
2.185 -3.335 -8.855
2.415 -2.875 -9.085
2.415 -3.105 -8.855
2.415 -2.875 -8.855
2.185 -3.565 -8.625
2.185 -2.645 -8.855
2.185 -2.645 -8.625
2.185 -2.415 -8.625
2.185 -2.185 -8.625
2.185 -2.185 -8.395
2.185 -3.565 -8.165
2.185 -3.335 -8.165
2.185 -3.105 -7.935
2.185 -2.875 -7.935
2.185 -3.335 -7.475
2.185 -2.875 -7.705
2.185 -3.105 -7.475
2.185 -2.415 -7.935
2.185 -1.955 -8.165
2.185 -2.645 -7.475
2.185 -2.415 -7.475
2.185 -2.185 -7.475
2.185 -1.265 -8.625
2.185 -0.805 -9.085
2.185 -0.345 -8.625
1.955 -0.115 -8.395
2.185 -1.725 -8.165
2.185 -1.035 -8.165
2.185 -1.265 -7.935
1.955 -1.495 -7.705
2.185 -0.805 -8.165
1.955 -0.805 -7.935
2.185 -0.345 -8.165
2.185 -0.115 -8.165
2.185 -0.115 -7.935
1.955 -0.575 -7.705
2.185 -0.575 -7.475
2.185 -5.175 -7.245
2.185 -4.715 -7.245
2.185 -5.175 -6.785
2.185 -5.175 -6.555
2.185 -4.945 -6.785
1.955 -4.945 -6.555
1.955 -4.715 -6.555
2.185 -4.485 -7.245
1.955 -4.485 -7.015
2.185 -4.255 -7.015
1.955 -3.795 -7.015
1.955 -4.255 -6.785
2.185 -4.255 -6.785
1.955 -4.485 -6.555
1.955 -4.255 -6.555
1.955 -4.025 -6.785
1.955 -3.795 -6.785
2.185 -3.795 -6.785
1.955 -4.025 -6.555
1.955 -3.795 -6.555
2.185 -4.945 -6.325
1.955 -4.715 -6.325
1.955 -4.715 -6.095
1.955 -4.715 -5.865
1.955 -4.945 -5.635
1.955 -4.715 -5.635
2.185 -4.255 -6.325
1.955 -4.485 -6.095
1.955 -4.255 -6.095
1.955 -4.025 -6.325
1.955 -3.795 -6.325
1.955 -4.025 -6.095
1.955 -4.255 -5.865
1.955 -4.485 -5.635
1.955 -4.255 -5.635
1.955 -3.795 -5.865
1.955 -4.025 -5.635
1.955 -3.795 -5.635
1.725 -3.795 -5.175
1.725 -4.255 -4.945
1.725 -4.025 -4.945
1.725 -3.795 -4.945
1.725 -4.025 -4.715
1.725 -3.795 -4.715
1.725 -4.255 -4.255
1.725 -4.025 -4.485
1.725 -3.795 -4.485
1.725 -4.025 -4.255
1.725 -3.795 -4.255
1.725 -4.485 -4.025
1.725 -4.255 -4.025
1.725 -4.485 -3.795
1.725 -4.255 -3.795
1.725 -4.025 -4.025
1.725 -3.795 -4.025
1.725 -4.025 -3.795
1.725 -3.795 -3.795
1.955 -4.715 -5.405
1.955 -4.715 -5.175
1.955 -4.715 -4.945
1.955 -4.715 -4.715
1.955 -4.485 -5.405
1.955 -4.485 -5.175
1.955 -4.255 -5.175
1.955 -4.025 -5.405
1.955 -4.025 -5.175
1.955 -3.795 -5.175
1.955 -4.485 -4.945
1.955 -4.255 -4.945
1.955 -4.485 -4.715
1.955 -4.255 -4.715
1.955 -4.025 -4.945
1.955 -4.025 -4.715
1.955 -4.485 -4.485
1.955 -4.485 -4.255
1.955 -4.485 -4.025
1.955 -3.795 -4.025
1.955 -3.565 -7.245
1.955 -3.565 -7.015
1.955 -3.565 -6.785
1.955 -3.335 -6.785
1.955 -3.565 -6.555
1.955 -3.105 -6.785
1.955 -2.875 -6.785
1.955 -3.105 -6.555
1.955 -2.415 -7.245
2.185 -2.645 -7.015
1.955 -2.185 -7.245
1.955 -2.645 -6.555
1.955 -2.415 -6.555
1.955 -1.955 -6.785
1.955 -2.185 -6.555
1.955 -1.955 -6.555
1.955 -3.565 -6.325
1.955 -3.335 -6.325
1.955 -3.565 -6.095
1.955 -3.105 -6.325
1.955 -2.875 -6.325
1.955 -3.105 -6.095
1.955 -3.565 -5.865
1.955 -3.335 -5.635
1.955 -3.105 -5.865
1.955 -3.105 -5.635
1.955 -2.875 -5.635
1.955 -2.645 -6.325
1.955 -2.415 -6.325
1.955 -2.645 -6.095
1.955 -2.415 -6.095
1.955 -2.185 -6.325
1.955 -1.955 -6.325
1.955 -1.955 -6.095
1.955 -2.645 -5.865
1.955 -2.415 -5.865
1.955 -2.645 -5.635
1.955 -2.415 -5.635
1.955 -2.185 -5.635
1.955 -1.955 -5.635
1.955 -1.495 -7.245
2.185 -1.495 -7.245
1.955 -1.265 -7.245
1.955 -1.035 -7.015
2.185 -1.035 -7.015
1.955 -1.725 -6.785
1.955 -1.495 -6.785
1.955 -1.725 -6.555
1.955 -1.265 -6.555
1.955 -1.035 -6.555
1.955 -0.805 -7.245
2.185 -0.575 -7.245
1.955 -0.575 -7.015
1.955 -0.575 -6.555
1.955 -0.345 -6.785
1.955 -0.115 -6.785
1.955 -0.345 -6.555
1.955 -0.115 -6.555
1.955 -1.725 -6.325
1.955 -1.495 -6.325
1.955 -1.725 -6.095
1.955 -1.035 -6.325
1.955 -1.265 -6.095
1.955 -1.035 -6.095
1.955 -1.725 -5.865
1.955 -1.495 -5.865
1.955 -1.035 -5.865
1.955 -1.035 -5.635
1.955 -0.805 -6.325
1.955 -0.575 -6.325
1.955 -0.575 -6.095
1.955 -0.345 -6.325
1.955 -0.345 -6.095
1.955 -0.115 -6.095
1.955 -0.805 -5.865
1.955 -0.575 -5.865
1.955 -0.115 -5.865
1.725 -3.335 -4.945
1.725 -3.105 -4.715
1.725 -2.875 -4.715
1.725 -2.415 -5.405
1.725 -2.415 -5.175
1.725 -2.415 -4.945
1.725 -2.415 -4.715
1.725 -2.185 -4.945
1.725 -1.955 -4.945
1.725 -2.185 -4.715
1.725 -1.955 -4.715
1.725 -3.335 -4.485
1.725 -3.565 -4.255
1.725 -3.335 -4.255
1.725 -3.105 -4.485
1.725 -2.875 -4.485
1.725 -3.105 -4.255
1.725 -2.875 -4.255
1.725 -3.565 -4.025
1.725 -3.335 -4.025
1.725 -3.565 -3.795
1.725 -3.335 -3.795
1.725 -3.105 -4.025
1.725 -2.875 -4.025
1.725 -3.105 -3.795
1.725 -2.875 -3.795
1.725 -2.645 -4.485
1.725 -2.415 -4.485
1.725 -2.645 -4.255
1.725 -2.415 -4.255
1.725 -2.185 -4.485
1.725 -1.955 -4.485
1.725 -2.185 -4.255
1.725 -1.955 -4.255
1.725 -2.645 -4.025
1.725 -2.415 -4.025
1.725 -2.645 -3.795
1.725 -2.415 -3.795
1.725 -2.185 -4.025
1.725 -1.955 -4.025
1.725 -2.185 -3.795
1.725 -1.955 -3.795
1.955 -3.565 -5.405
1.955 -3.335 -5.405
1.955 -3.565 -5.175
1.955 -3.335 -5.175
1.955 -3.105 -5.405
1.955 -2.875 -5.405
1.955 -3.105 -5.175
1.955 -2.875 -5.175
1.955 -3.565 -4.945
1.955 -3.565 -4.715
1.955 -3.105 -4.945
1.955 -2.875 -4.945
1.955 -3.105 -4.715
1.955 -2.875 -4.715
1.955 -2.645 -5.175
1.955 -2.415 -5.175
1.955 -2.185 -5.405
1.955 -2.185 -5.175
1.955 -1.955 -5.175
1.955 -2.645 -4.945
1.955 -2.415 -4.945
1.955 -2.185 -4.945
1.955 -3.565 -4.485
1.955 -3.105 -4.485
1.955 -3.565 -4.025
1.955 -2.185 -4.485
1.955 -1.955 -4.485
1.725 -1.725 -5.405
1.725 -1.495 -5.175
1.725 -1.265 -5.405
1.725 -1.265 -5.175
1.725 -1.035 -5.175
1.725 -1.725 -4.945
1.725 -1.495 -4.945
1.725 -1.495 -4.715
1.725 -1.265 -4.945
1.725 -1.035 -4.945
1.725 -1.265 -4.715
1.725 -1.035 -4.715
1.725 -0.805 -5.405
1.725 -0.805 -5.175
1.725 -0.575 -5.175
1.725 -0.345 -5.405
1.725 -0.345 -5.175
1.725 -0.805 -4.945
1.725 -0.575 -4.945
1.725 -0.805 -4.715
1.725 -0.345 -4.945
1.725 -0.115 -4.945
1.725 -0.345 -4.715
1.725 -0.115 -4.715
1.725 -1.725 -4.485
1.725 -1.495 -4.485
1.725 -1.725 -4.255
1.725 -1.495 -4.255
1.725 -1.265 -4.485
1.725 -1.035 -4.485
1.725 -1.265 -4.255
1.725 -1.035 -4.255
1.725 -1.725 -4.025
1.725 -1.495 -4.025
1.725 -1.725 -3.795
1.725 -1.495 -3.795
1.725 -1.265 -4.025
1.725 -1.035 -4.025
1.725 -1.265 -3.795
1.725 -1.035 -3.795
1.725 -0.805 -4.485
1.725 -0.575 -4.485
1.725 -0.575 -4.255
1.725 -0.345 -4.485
1.725 -0.115 -4.485
1.725 -0.345 -4.255
1.725 -0.115 -4.255
1.725 -0.805 -4.025
1.725 -0.575 -4.025
1.725 -0.805 -3.795
1.725 -0.575 -3.795
1.725 -0.345 -4.025
1.725 -0.115 -4.025
1.725 -0.345 -3.795
1.955 -1.725 -5.405
1.955 -1.495 -5.405
1.955 -1.725 -5.175
1.955 -1.495 -5.175
1.955 -1.725 -4.945
1.955 -0.805 -5.405
1.955 -0.575 -5.405
1.955 -0.345 -5.405
1.955 -0.345 -4.945
1.955 -0.345 -4.715
1.955 -0.115 -4.715
1.955 -1.725 -4.255
0.115 -3.795 -3.565
1.725 -4.255 -3.565
1.725 -4.255 -3.335
1.725 -4.025 -3.565
1.725 -3.795 -3.565
1.725 -4.025 -3.335
1.725 -3.795 -3.335
1.725 -4.255 -3.105
1.725 -4.255 -2.875
1.725 -4.025 -3.105
1.725 -3.795 -3.105
1.725 -4.025 -2.875
1.725 -3.795 -2.875
1.495 -3.795 -2.645
1.955 -4.255 -3.335
1.725 -3.565 -3.565
1.725 -3.335 -3.565
1.725 -3.565 -3.335
1.725 -3.335 -3.335
1.725 -3.105 -3.565
1.725 -2.875 -3.565
1.725 -3.105 -3.335
1.725 -2.875 -3.335
1.725 -3.565 -3.105
1.725 -3.335 -3.105
1.725 -3.565 -2.875
1.495 -3.335 -2.875
1.725 -3.335 -2.875
1.725 -3.105 -3.105
1.725 -2.875 -3.105
1.495 -3.105 -2.875
1.725 -3.105 -2.875
1.725 -2.875 -2.875
1.725 -2.645 -3.565
1.725 -2.415 -3.565
1.725 -2.645 -3.335
1.725 -2.415 -3.335
1.725 -2.185 -3.565
1.725 -1.955 -3.565
1.725 -2.185 -3.335
1.495 -1.955 -3.335
1.725 -1.955 -3.335
1.495 -2.645 -3.105
1.725 -2.645 -3.105
1.725 -2.415 -3.105
1.725 -2.645 -2.875
1.725 -2.415 -2.875
1.725 -2.185 -3.105
1.495 -1.955 -3.105
1.725 -1.955 -3.105
1.495 -2.185 -2.875
1.725 -2.185 -2.875
1.495 -1.955 -2.875
1.725 -1.955 -2.875
1.725 -3.565 -2.645
1.725 -3.335 -2.645
1.495 -3.105 -2.645
1.725 -3.105 -2.645
1.725 -2.875 -2.645
0.345 -2.645 -2.185
1.495 -2.645 -2.645
1.725 -2.645 -2.645
1.495 -2.415 -2.645
1.725 -2.415 -2.645
1.495 -2.185 -2.645
1.725 -2.185 -2.645
1.495 -1.955 -2.645
1.725 -1.955 -2.645
1.725 -1.725 -3.565
1.725 -1.495 -3.565
1.725 -1.725 -3.335
1.725 -1.495 -3.335
1.725 -1.265 -3.565
1.495 -1.265 -3.335
1.725 -1.265 -3.335
1.495 -1.035 -3.335
1.725 -1.035 -3.335
1.495 -1.725 -3.105
1.725 -1.725 -3.105
1.495 -1.495 -3.105
1.725 -1.495 -3.105
1.495 -1.725 -2.875
1.725 -1.725 -2.875
1.725 -1.495 -2.875
1.495 -1.265 -3.105
1.725 -1.265 -3.105
1.495 -1.035 -3.105
1.495 -1.265 -2.875
1.725 -1.265 -2.875
1.495 -1.035 -2.875
1.725 -1.035 -2.875
1.725 -0.805 -3.565
1.725 -0.575 -3.565
1.725 -0.805 -3.335
1.725 -0.575 -3.335
1.495 -1.725 -2.645
1.495 -1.495 -2.645
1.725 -1.495 -2.645
1.495 -1.725 -2.415
1.725 -1.265 -2.645
1.035 -3.565 -1.495
-2.415 2.185 -7.475
-1.955 2.185 -7.705
-2.185 2.185 -7.475
-1.955 2.645 -7.475
-1.265 1.955 -8.165
-1.035 1.955 -7.935
-1.035 1.955 -7.705
-1.265 2.185 -7.705
-1.035 1.955 -7.475
-1.495 2.415 -7.705
-1.725 2.415 -7.475
-1.495 2.415 -7.475
-0.805 1.955 -8.165
-0.805 2.185 -7.935
-0.115 2.415 -7.935
-0.805 1.955 -7.475
-0.805 2.185 -7.475
-0.575 2.185 -7.475
-0.345 2.185 -7.475
-0.115 2.185 -7.475
-0.805 2.415 -7.705
-0.575 2.415 -7.705
-0.805 2.645 -7.705
-0.805 2.415 -7.475
-0.345 2.415 -7.705
-0.115 2.415 -7.705
-0.345 2.645 -7.705
-0.115 2.645 -7.705
-1.955 1.725 -7.015
-1.035 1.725 -6.785
-1.035 1.725 -6.555
-0.115 1.495 -6.555
-2.185 1.955 -7.245
-1.265 1.955 -7.245
-1.035 1.955 -7.245
-1.265 1.955 -7.015
-1.265 2.185 -7.015
-1.035 2.185 -7.015
-1.265 2.415 -7.245
-1.035 1.955 -6.785
0.345 1.725 -7.475
1.955 0.115 -8.855
2.185 0.345 -8.855
2.185 0.115 -8.625
2.185 0.805 -8.395
2.185 0.115 -7.935
2.185 0.575 -8.165
1.955 0.115 -7.705
2.185 0.805 -7.705
1.955 0.805 -7.475
1.955 1.495 -8.165
0.115 1.955 -7.935
1.265 2.415 -7.705
1.265 2.645 -7.705
1.725 2.415 -7.705
1.495 2.415 -7.475
1.725 2.415 -7.475
2.185 1.955 -7.935
2.185 2.185 -7.935
2.185 2.185 -7.705
1.955 1.955 -7.475
2.185 2.185 -7.475
1.955 2.415 -7.705
2.185 2.415 -7.475
2.185 2.645 -7.475
0.115 1.495 -6.555
1.725 0.345 -6.325
1.725 0.575 -6.325
1.725 0.345 -5.635
1.955 0.345 -7.245
1.955 0.805 -7.245
1.955 0.805 -7.015
1.955 0.115 -6.785
1.955 0.115 -6.555
1.955 0.345 -6.555
1.955 0.575 -6.555
1.955 1.265 -7.015
1.955 1.725 -7.245
2.185 1.725 -7.015
1.955 1.035 -6.785
1.955 1.495 -6.785
2.185 1.725 -6.785
1.955 1.725 -6.555
1.955 0.345 -6.325
1.955 0.575 -6.325
1.955 0.575 -6.095
1.955 0.115 -5.865
1.955 0.345 -5.635
1.955 0.575 -5.865
1.955 0.805 -5.865
1.955 0.805 -5.635
1.955 1.035 -6.325
1.955 1.035 -5.865
1.955 1.035 -5.635
1.955 1.955 -7.245
2.185 2.415 -7.015
2.185 1.955 -6.555
1.725 0.115 -5.175
1.725 0.115 -4.945
1.725 0.345 -4.945
1.725 0.345 -4.715
1.725 0.115 -4.485
1.725 0.345 -4.485
1.725 0.115 -4.255
1.955 0.115 -5.175
1.955 0.575 -5.405
1.955 0.805 -5.405
1.955 1.035 -5.405
