-1.035 -3.335 -8.395
-1.265 -3.105 -8.625
-0.805 -2.875 -8.855
-0.345 -3.335 -8.395
-0.115 -3.335 -8.395
-0.805 -3.105 -8.625
-0.575 -2.875 -8.395
-1.035 -2.415 -8.395
-0.575 -3.565 -7.935
-0.575 -3.335 -7.935
-0.345 -3.565 -7.935
-0.115 -3.335 -7.935
-0.575 -2.875 -8.165
-0.345 -3.565 -7.705
-0.115 -3.565 -7.705
-0.345 -3.335 -7.705
-0.115 -3.335 -7.705
-0.345 -3.335 -7.475
-0.115 -3.335 -7.475
-0.345 -3.105 -7.705
-0.115 -2.875 -7.705
-0.115 -3.105 -7.475
-0.115 -2.875 -7.475
-0.345 -2.645 -7.475
-0.575 -2.185 -7.475
-0.805 -1.035 -7.705
-0.805 -1.035 -7.475
-1.725 -0.805 -7.475
-0.805 -0.805 -7.705
-0.575 -5.175 -6.555
-1.035 -4.255 -5.635
-0.115 -3.105 -7.245
-0.115 -2.875 -7.245
-0.115 -2.875 -7.015
-0.575 -2.415 -7.245
-0.345 -2.645 -7.245
-0.345 -2.645 -7.015
-0.115 -2.645 -7.015
-0.345 -2.415 -7.015
-0.115 -2.415 -7.015
-0.575 -2.185 -7.015
-0.115 -2.185 -7.245
-0.345 -2.185 -7.015
-0.115 -2.185 -7.015
-0.115 -1.955 -7.015
-0.115 -2.645 -6.785
-0.345 -2.415 -6.785
-0.345 -2.185 -6.785
-0.345 -1.955 -6.785
-0.115 -1.955 -6.785
-0.345 -2.185 -6.555
-0.345 -1.955 -6.555
-0.115 -1.955 -6.555
-0.115 -1.955 -6.325
-0.575 -1.495 -7.015
-0.345 -1.725 -7.015
-0.345 -1.495 -7.015
-0.345 -1.265 -7.015
-0.575 -1.495 -6.785
-0.575 -1.495 -6.555
-0.115 -1.725 -6.785
-0.345 -1.495 -6.785
-0.115 -1.495 -6.785
-0.575 -1.265 -6.785
-0.805 -0.805 -7.245
-0.345 -5.635 -2.645
-0.115 -5.635 -2.645
-0.115 -5.175 -3.105
2.645 -7.935 -9.315
2.645 -8.855 -8.855
2.415 -8.625 -8.395
2.415 -8.395 -8.395
2.415 -8.165 -8.625
2.645 -8.625 -8.165
2.415 -8.395 -8.165
2.645 -8.625 -7.935
2.645 -8.395 -7.935
2.415 -8.395 -7.705
2.185 -8.165 -7.705
2.415 -8.165 -7.705
2.415 -7.935 -7.705
2.415 -7.935 -7.475
2.415 -7.705 -7.705
2.415 -7.475 -7.705
2.415 -7.705 -7.475
2.645 -7.015 -9.315
2.645 -5.865 -9.545
2.645 -5.635 -9.315
2.645 -5.405 -9.315
2.415 -4.485 -9.315
2.645 -6.785 -9.085
2.415 -7.015 -8.625
2.185 -6.555 -8.395
2.875 -7.015 -9.085
2.875 -6.785 -9.085
2.415 -6.095 -9.085
2.645 -6.095 -8.855
2.645 -5.865 -8.855
2.185 -6.325 -8.395
2.415 -6.325 -8.395
2.645 -6.095 -8.395
2.645 -5.635 -8.395
2.415 -7.015 -7.935
2.415 -7.015 -7.705
2.415 -7.245 -7.475
2.185 -6.555 -7.705
2.185 -6.555 -7.475
2.415 -6.785 -7.705
2.415 -6.555 -7.475
2.185 -6.325 -7.935
2.415 -6.325 -7.935
2.415 -5.865 -8.165
2.415 -5.865 -7.935
2.645 -6.095 -7.705
2.415 -6.325 -7.475
2.645 -6.325 -7.475
2.415 -5.635 -7.705
2.415 -5.405 -8.855
2.415 -5.175 -8.855
2.415 -4.715 -9.085
2.415 -4.945 -8.855
2.645 -5.405 -8.625
2.415 -4.945 -8.625
2.415 -4.255 -8.855
2.415 -4.025 -8.855
2.415 -4.485 -8.625
2.415 -4.025 -8.625
2.415 -3.795 -8.625
2.645 -3.795 -8.625
2.415 -5.405 -8.165
2.415 -5.405 -7.935
2.415 -5.405 -7.705
2.415 -5.175 -7.705
2.185 -4.945 -7.705
2.415 -4.945 -7.705
2.415 -4.715 -7.705
2.415 -4.485 -7.935
2.415 -3.795 -7.935
2.415 -4.255 -7.705
2.415 -4.485 -7.475
2.415 -3.795 -7.705
0.115 -3.105 -9.085
0.345 -3.105 -9.085
0.805 -3.105 -9.085
0.575 -3.105 -8.855
1.035 -3.105 -9.085
1.495 -3.105 -9.085
1.725 -3.105 -8.855
1.265 -3.105 -8.625
1.035 -3.105 -8.395
1.495 -3.105 -8.625
1.495 -3.105 -8.395
0.115 -3.565 -7.935
0.115 -3.335 -7.935
0.345 -3.335 -7.935
0.805 -3.335 -8.165
0.575 -3.335 -7.935
0.345 -3.105 -7.935
0.345 -3.335 -7.705
0.575 -3.335 -7.705
0.575 -3.565 -7.475
0.575 -3.335 -7.475
0.805 -3.335 -7.475
0.115 -3.105 -7.705
0.115 -2.875 -7.705
0.115 -3.105 -7.475
0.345 -3.105 -7.475
0.115 -2.875 -7.475
0.805 -3.105 -7.705
0.805 -2.875 -7.475
1.495 -3.335 -7.935
1.035 -3.335 -7.705
1.265 -3.335 -7.705
1.265 -3.335 -7.475
1.495 -3.335 -7.705
1.725 -3.335 -7.705
1.495 -3.335 -7.475
1.725 -3.335 -7.475
1.265 -3.105 -7.705
1.035 -3.105 -7.475
1.035 -2.875 -7.475
1.495 -3.105 -7.705
1.725 -3.105 -7.705
1.725 -3.105 -7.475
1.725 -2.415 -7.475
1.725 -1.955 -7.475
2.415 -3.105 -8.855
2.185 -3.335 -8.625
2.415 -3.335 -8.395
1.955 -3.105 -8.395
2.185 -3.105 -8.395
2.185 -3.335 -7.935
1.955 -3.105 -8.165
2.185 -3.335 -7.705
2.185 -3.565 -7.475
1.955 -3.335 -7.475
2.415 -3.565 -7.705
1.955 -2.185 -8.165
2.185 -1.955 -7.935
1.955 -2.185 -7.705
1.955 -2.185 -7.475
0.575 -1.035 -7.475
1.725 -1.495 -7.475
1.725 -1.265 -7.475
0.345 -0.575 -7.475
1.035 -0.805 -7.475
1.955 -1.725 -7.705
2.415 -8.395 -7.015
2.415 -7.935 -7.245
2.415 -8.165 -7.015
2.415 -7.935 -7.015
2.415 -7.705 -7.015
2.415 -8.165 -6.555
2.185 -7.705 -6.555
2.415 -7.705 -6.785
2.415 -7.475 -6.785
2.415 -7.705 -6.555
2.185 -8.165 -6.095
2.185 -7.705 -6.095
2.415 -7.475 -6.325
2.185 -8.165 -5.635
2.185 -7.935 -5.635
2.185 -7.705 -5.865
2.185 -7.475 -5.635
2.185 -7.935 -5.175
2.185 -7.475 -5.405
2.185 -7.475 -5.175
2.185 -7.935 -4.945
2.185 -7.935 -4.715
2.185 -7.705 -4.945
1.955 -7.475 -4.945
2.185 -7.475 -4.945
1.955 -7.705 -4.715
1.955 -7.475 -4.715
2.185 -7.475 -4.715
1.955 -7.935 -4.485
2.185 -7.935 -4.485
1.955 -7.705 -4.485
1.955 -7.475 -4.485
1.955 -7.705 -4.255
1.955 -7.475 -4.255
1.955 -7.705 -4.025
1.955 -7.475 -4.025
1.955 -7.705 -3.795
1.955 -7.475 -3.795
1.725 -7.475 -3.335
1.725 -7.705 -3.105
1.725 -7.475 -3.105
1.725 -7.475 -2.875
1.725 -7.475 -2.645
1.955 -7.705 -3.565
1.955 -7.475 -3.565
1.955 -7.705 -3.335
1.955 -7.475 -3.335
1.955 -7.705 -3.105
1.955 -7.475 -3.105
1.955 -7.475 -2.875
1.955 -7.475 -2.645
2.415 -7.015 -7.015
2.185 -6.555 -7.245
2.415 -6.555 -7.015
2.185 -7.245 -6.555
2.185 -7.015 -6.555
2.185 -6.785 -6.785
2.185 -6.555 -6.785
2.185 -6.555 -6.555
2.415 -6.095 -7.245
2.185 -5.865 -7.015
2.415 -5.865 -7.015
2.415 -5.635 -7.015
2.415 -6.095 -6.785
2.415 -6.095 -6.555
2.185 -5.865 -6.555
2.415 -5.865 -6.785
2.185 -7.245 -6.325
2.185 -7.015 -6.325
2.185 -7.245 -6.095
2.185 -6.555 -6.325
2.185 -6.785 -6.095
2.185 -6.555 -6.095
2.185 -7.015 -5.865
2.185 -7.245 -5.635
2.185 -7.015 -5.635
2.185 -6.555 -5.865
2.185 -6.785 -5.635
2.185 -6.325 -6.095
2.185 -6.095 -6.095
2.185 -5.635 -6.325
2.185 -5.635 -6.095
2.185 -6.325 -5.865
2.185 -6.095 -5.635
2.185 -5.865 -5.865
2.185 -5.635 -5.865
2.185 -5.865 -5.635
2.185 -5.635 -5.635
2.185 -5.405 -7.015
2.185 -5.175 -7.015
2.415 -5.175 -7.245
2.185 -4.945 -7.245
2.415 -4.715 -7.015
2.185 -5.175 -6.555
2.415 -5.175 -6.785
2.185 -4.945 -6.785
2.185 -4.945 -6.555
2.185 -4.485 -7.015
2.415 -4.255 -7.245
2.415 -3.795 -7.245
2.415 -4.025 -7.015
2.185 -4.485 -6.785
2.185 -4.485 -6.555
2.415 -4.255 -6.785
2.185 -4.025 -6.785
2.185 -3.795 -6.785
2.185 -4.025 -6.555
2.415 -4.025 -6.785
2.185 -5.405 -6.325
2.185 -5.175 -6.095
2.185 -4.945 -6.325
2.185 -4.945 -6.095
2.185 -4.715 -6.095
2.185 -5.405 -5.865
2.185 -5.405 -5.635
2.185 -5.175 -5.635
2.185 -4.945 -5.865
2.185 -4.715 -5.865
2.185 -4.945 -5.635
2.185 -4.715 -5.635
2.185 -3.795 -6.095
2.185 -4.485 -5.865
2.185 -4.255 -5.865
2.185 -4.255 -5.635
1.955 -3.795 -5.635
0.805 -7.245 -4.025
2.185 -7.015 -5.405
2.185 -7.245 -5.175
1.955 -7.015 -5.175
2.185 -7.015 -5.175
2.185 -6.785 -5.405
2.185 -6.555 -5.405
1.955 -6.785 -5.175
2.185 -6.555 -5.175
1.955 -7.245 -4.715
2.185 -7.245 -4.715
1.955 -7.015 -4.715
1.955 -6.785 -4.945
1.955 -6.555 -4.945
1.955 -6.785 -4.715
1.955 -6.555 -4.715
2.185 -6.325 -5.405
2.185 -6.095 -5.405
1.955 -6.325 -5.175
2.185 -6.325 -5.175
2.185 -6.095 -5.175
2.185 -5.865 -5.405
2.185 -5.635 -5.405
2.185 -5.635 -5.175
1.955 -6.325 -4.945
2.185 -6.325 -4.945
1.955 -6.095 -4.945
1.955 -6.325 -4.715
1.955 -6.095 -4.715
1.955 -5.865 -4.945
1.955 -7.015 -4.485
1.955 -7.245 -4.255
1.955 -7.015 -4.255
1.955 -6.785 -4.485
1.955 -6.555 -4.485
2.185 -6.555 -4.485
1.955 -6.785 -4.255
1.955 -6.555 -4.255
1.955 -7.245 -4.025
1.955 -7.015 -4.025
1.955 -7.245 -3.795
1.955 -7.015 -3.795
1.955 -6.785 -4.025
1.955 -6.555 -4.025
1.955 -6.785 -3.795
1.955 -6.555 -3.795
1.955 -6.325 -4.485
1.955 -6.095 -4.485
1.955 -6.325 -4.255
1.955 -6.095 -4.255
1.955 -5.865 -4.485
1.955 -5.635 -4.485
1.955 -5.865 -4.255
1.955 -5.635 -4.255
1.955 -6.325 -4.025
1.955 -6.095 -4.025
1.955 -6.325 -3.795
1.955 -6.095 -3.795
1.955 -5.865 -4.025
1.955 -5.635 -4.025
1.955 -5.865 -3.795
1.955 -5.635 -3.795
1.725 -5.175 -3.795
1.725 -3.795 -4.025
1.725 -3.795 -3.795
2.185 -5.405 -5.405
2.185 -5.175 -5.405
2.185 -5.405 -5.175
2.185 -5.175 -5.175
2.185 -4.945 -5.405
1.955 -4.945 -5.175
2.185 -4.945 -5.175
1.955 -4.715 -5.175
2.185 -5.405 -4.945
1.955 -5.405 -4.715
1.955 -5.175 -4.715
1.955 -4.945 -4.945
1.955 -4.715 -4.945
1.955 -4.945 -4.715
1.955 -4.715 -4.715
1.955 -4.485 -5.405
2.185 -4.485 -5.405
1.955 -4.255 -5.405
1.955 -4.255 -5.175
2.185 -4.255 -5.175
1.955 -4.025 -5.405
1.955 -3.795 -5.405
1.955 -4.025 -5.175
1.955 -3.795 -5.175
1.955 -4.485 -4.945
1.955 -4.255 -4.945
1.955 -4.485 -4.715
1.955 -4.255 -4.715
1.955 -4.025 -4.945
1.955 -3.795 -4.945
1.955 -3.795 -4.715
1.955 -5.175 -4.485
1.955 -5.405 -4.255
1.955 -5.175 -4.255
1.955 -4.945 -4.485
1.955 -4.715 -4.485
1.955 -4.945 -4.255
1.955 -4.715 -4.255
1.955 -5.405 -4.025
1.955 -5.175 -4.025
1.955 -5.405 -3.795
1.955 -5.175 -3.795
1.955 -4.945 -4.025
1.955 -4.715 -4.025
1.955 -4.945 -3.795
1.955 -4.715 -3.795
1.955 -4.485 -4.485
1.955 -4.255 -4.485
1.955 -4.485 -4.255
1.955 -4.255 -4.255
1.955 -4.025 -4.485
1.955 -3.795 -4.485
1.955 -4.025 -4.255
1.955 -3.795 -4.255
1.955 -4.485 -4.025
1.955 -4.255 -4.025
1.955 -4.485 -3.795
1.955 -4.255 -3.795
1.955 -4.025 -4.025
1.955 -3.795 -4.025
1.955 -4.025 -3.795
1.955 -3.795 -3.795
0.805 -3.565 -7.245
0.575 -3.335 -7.245
0.805 -3.335 -7.245
0.115 -2.875 -7.245
0.115 -2.875 -7.015
0.345 -2.875 -7.015
0.115 -2.875 -6.785
0.345 -2.875 -6.785
1.495 -3.335 -7.245
1.725 -3.335 -7.015
1.035 -2.875 -7.245
1.035 -2.875 -7.015
1.495 -3.105 -7.245
1.725 -3.105 -7.245
1.725 -3.335 -6.785
1.265 -2.875 -6.785
1.725 -3.105 -6.785
1.725 -3.105 -6.555
0.115 -2.645 -7.015
0.345 -2.645 -7.015
0.115 -2.415 -7.015
0.575 -2.415 -7.245
0.575 -2.645 -7.015
0.575 -2.415 -7.015
0.345 -2.185 -7.245
0.115 -2.185 -7.015
0.115 -1.955 -7.015
0.575 -2.185 -7.245
0.805 -2.185 -7.245
0.805 -2.185 -7.015
0.575 -1.955 -7.015
0.115 -2.645 -6.785
0.115 -2.185 -6.785
0.115 -1.955 -6.555
0.575 -1.955 -6.785
1.035 -2.645 -7.015
1.035 -2.415 -7.015
1.265 -2.415 -7.015
1.495 -2.415 -7.245
1.495 -2.415 -7.015
1.495 -2.185 -7.245
1.265 -2.645 -6.785
1.495 -2.185 -6.785
1.495 -2.185 -6.325
1.725 -1.955 -6.325
1.725 -2.185 -6.095
1.955 -3.565 -7.245
2.185 -3.565 -7.015
1.955 -3.335 -7.015
1.955 -3.105 -7.245
1.955 -2.875 -7.245
2.185 -2.875 -7.245
2.185 -3.105 -7.015
1.955 -3.565 -6.785
2.185 -3.565 -6.785
2.185 -3.335 -6.785
1.955 -3.335 -6.555
2.185 -3.105 -6.785
2.185 -2.875 -6.555
2.185 -2.645 -7.245
2.185 -2.645 -7.015
2.185 -2.415 -7.015
2.185 -2.185 -7.245
2.185 -2.645 -6.555
2.185 -2.415 -6.555
1.955 -2.185 -6.785
2.185 -1.955 -6.785
2.185 -3.565 -6.325
1.955 -3.335 -6.325
2.185 -3.565 -6.095
2.185 -3.335 -6.095
2.185 -3.105 -6.095
2.185 -2.875 -6.095
1.955 -3.335 -5.865
1.955 -3.565 -5.635
2.185 -2.875 -5.865
1.955 -3.105 -5.635
2.185 -2.875 -5.635
1.955 -2.645 -6.095
2.185 -2.645 -6.095
2.185 -2.185 -6.325
2.185 -2.185 -6.095
2.185 -1.955 -6.095
2.185 -2.645 -5.865
2.185 -2.415 -5.865
2.185 -2.645 -5.635
2.185 -2.415 -5.635
2.185 -2.185 -5.865
2.185 -1.955 -5.865
2.185 -2.185 -5.635
0.115 -1.495 -7.015
0.345 -1.495 -7.015
0.575 -1.495 -7.015
0.805 -1.495 -7.015
0.345 -1.035 -7.245
0.115 -1.265 -7.015
0.345 -1.265 -7.015
0.575 -1.265 -7.015
0.805 -1.265 -7.015
0.115 -1.725 -6.785
1.495 -1.495 -7.015
1.725 -1.495 -7.015
1.035 -1.265 -7.015
1.265 -1.265 -7.015
1.035 -1.035 -7.015
1.265 -1.035 -7.015
1.495 -1.265 -7.245
1.495 -1.265 -7.015
1.725 -1.265 -7.015
1.495 -1.035 -7.015
1.725 -1.035 -7.015
1.035 -1.725 -6.785
1.035 -1.495 -6.785
1.265 -1.495 -6.785
1.495 -1.265 -6.785
1.725 -1.265 -6.785
1.725 -1.035 -6.785
0.115 -0.805 -7.245
0.575 -0.575 -7.245
0.805 -1.725 -5.865
2.185 -1.495 -7.245
2.185 -1.495 -7.015
1.955 -1.265 -7.245
2.185 -1.265 -7.245
2.185 -1.265 -7.015
1.955 -1.495 -6.785
2.185 -1.495 -6.785
2.185 -1.725 -6.555
1.955 -1.495 -6.555
2.185 -1.495 -6.555
1.955 -1.265 -6.785
1.955 -1.035 -6.785
1.955 -1.265 -6.555
2.185 -1.035 -6.555
1.955 -0.805 -7.245
2.185 -1.495 -6.325
2.185 -1.725 -6.095
2.185 -1.265 -6.325
1.265 -3.105 -5.405
1.725 -3.565 -3.795
1.955 -3.565 -5.405
1.955 -3.335 -5.405
1.955 -3.565 -5.175
1.955 -3.105 -5.405
1.955 -3.105 -5.175
1.955 -3.565 -4.945
1.955 -3.335 -4.945
1.955 -3.565 -4.715
1.955 -3.335 -4.715
2.185 -2.645 -5.405
2.185 -2.645 -5.175
2.185 -2.415 -5.175
1.955 -2.415 -4.945
1.955 -2.645 -4.715
1.955 -3.335 -4.485
1.955 -3.565 -4.255
1.955 -3.335 -4.255
1.955 -3.105 -4.485
1.955 -2.875 -4.485
1.955 -3.565 -4.025
1.955 -3.335 -4.025
1.955 -3.565 -3.795
0.345 -7.245 -3.565
0.115 -7.245 -3.335
1.725 -7.245 -3.335
1.725 -7.015 -3.335
1.725 -6.785 -3.335
1.725 -6.555 -3.335
1.725 -7.245 -3.105
1.725 -7.015 -3.105
1.725 -7.245 -2.875
1.725 -7.015 -2.875
1.725 -6.785 -3.105
1.725 -6.555 -3.105
1.725 -6.785 -2.875
1.725 -6.555 -2.875
1.725 -6.325 -3.335
1.725 -6.095 -3.335
1.725 -5.865 -3.565
1.725 -5.635 -3.565
1.725 -5.865 -3.335
1.725 -5.635 -3.335
1.725 -6.325 -3.105
1.725 -6.095 -3.105
1.725 -6.325 -2.875
1.725 -6.095 -2.875
1.725 -5.865 -3.105
1.725 -5.635 -3.105
1.725 -5.865 -2.875
1.725 -5.635 -2.875
1.725 -7.245 -2.645
1.725 -7.015 -2.645
1.725 -7.245 -2.415
1.725 -7.015 -2.415
1.725 -6.785 -2.645
1.725 -6.555 -2.645
1.725 -6.785 -2.415
1.725 -6.555 -2.415
1.725 -6.325 -2.645
1.725 -6.095 -2.645
1.725 -6.325 -2.415
1.725 -6.095 -2.415
1.725 -5.865 -2.645
1.725 -5.635 -2.645
1.725 -5.865 -2.415
1.725 -5.635 -2.415
1.955 -7.245 -3.565
1.955 -7.015 -3.565
1.955 -7.245 -3.335
1.955 -7.015 -3.335
1.955 -6.785 -3.565
1.955 -6.555 -3.565
1.955 -6.785 -3.335
1.955 -6.555 -3.335
1.955 -7.245 -3.105
1.955 -7.015 -3.105
1.955 -7.015 -2.875
1.955 -6.785 -3.105
1.955 -6.325 -3.565
1.955 -6.095 -3.565
1.955 -6.325 -3.335
1.955 -5.865 -3.565
1.955 -5.635 -3.565
1.955 -5.635 -3.335
1.955 -5.865 -3.105
0.115 -5.405 -3.105
0.345 -5.405 -3.105
0.115 -5.175 -3.105
0.345 -5.175 -3.105
0.575 -5.175 -3.105
0.805 -5.175 -3.105
0.805 -5.175 -2.875
0.115 -4.715 -2.875
0.345 -4.715 -2.875
0.575 -4.945 -2.875
0.575 -4.715 -2.875
1.725 -5.175 -3.565
1.725 -5.405 -3.335
1.725 -5.175 -3.335
1.725 -4.945 -3.565
1.725 -4.945 -3.335
1.725 -4.715 -3.335
1.725 -5.405 -3.105
1.725 -5.175 -3.105
1.725 -5.405 -2.875
1.725 -5.175 -2.875
1.725 -4.945 -3.105
1.725 -4.715 -3.105
1.725 -4.945 -2.875
1.725 -4.715 -2.875
1.725 -4.485 -3.565
1.725 -4.485 -3.335
1.725 -4.255 -3.335
1.725 -3.795 -3.565
1.725 -4.025 -3.335
1.725 -4.485 -3.105
1.725 -4.255 -3.105
1.725 -4.485 -2.875
1.725 -4.255 -2.875
1.725 -4.025 -3.105
1.725 -5.405 -2.645
1.725 -5.175 -2.645
1.725 -5.405 -2.415
1.725 -5.175 -2.415
1.725 -4.945 -2.645
1.725 -4.715 -2.645
1.725 -4.945 -2.415
1.725 -4.715 -2.415
1.725 -5.175 -2.185
1.725 -4.945 -2.185
1.725 -4.485 -2.645
1.955 -5.405 -3.565
1.955 -5.175 -3.565
1.955 -5.405 -3.335
1.955 -5.175 -3.335
1.955 -4.945 -3.565
1.955 -4.715 -3.565
1.955 -4.485 -3.565
1.955 -4.255 -3.565
1.955 -4.025 -3.565
1.955 -3.795 -3.565
0.115 -7.245 -1.495
0.345 -6.555 -1.495
1.725 -3.565 -3.565
1.955 -3.565 -3.565
