-0.115 -1.035 -1.265
1.725 -2.875 -9.545
1.495 -2.875 -9.315
1.725 -1.955 -9.775
1.725 -2.645 -9.315
1.725 -1.955 -9.315
1.725 -1.035 -9.775
1.725 -1.495 -9.315
1.725 -1.265 -9.545
1.725 -0.345 -9.775
1.725 -0.115 -9.315
1.725 -3.565 -8.855
1.495 -3.105 -9.085
1.725 -2.875 -8.855
1.725 -3.565 -8.625
1.725 -3.335 -8.395
1.725 -3.105 -8.625
1.725 -2.875 -8.625
1.725 -2.875 -8.395
1.725 -2.645 -8.625
1.725 -2.415 -8.625
1.495 -2.185 -8.395
1.725 -2.185 -8.395
1.725 -2.645 -7.935
1.725 -2.185 -8.165
1.725 -2.645 -7.475
1.495 -1.955 -7.705
1.725 -1.955 -7.475
1.955 -3.565 -8.855
1.725 -1.725 -9.085
1.725 -1.725 -8.625
1.725 -1.495 -8.395
1.495 -1.035 -8.395
1.725 -0.805 -9.085
1.725 -0.575 -9.085
1.725 -0.345 -9.085
1.725 -0.345 -8.855
1.495 -0.805 -8.625
1.725 -1.725 -8.165
1.725 -1.495 -8.165
1.495 -1.725 -7.935
1.495 -1.265 -7.935
1.725 -1.265 -7.935
1.725 -1.495 -7.705
1.725 -1.725 -7.475
1.495 -1.035 -7.705
1.725 -0.805 -8.165
1.725 -0.575 -8.165
1.495 -0.345 -7.935
1.495 -0.805 -7.705
1.725 -0.805 -7.475
1.495 -0.115 -7.705
1.725 -0.115 -7.475
1.725 -2.875 -7.245
1.725 -2.875 -6.785
1.725 -2.875 -6.555
1.495 -2.415 -7.245
1.495 -2.185 -7.015
1.495 -1.955 -7.015
1.725 -2.645 -6.785
1.725 -2.415 -6.785
1.495 -2.645 -6.555
1.725 -2.415 -6.555
1.495 -2.185 -6.785
1.725 -2.185 -6.785
1.495 -2.185 -6.555
1.495 -1.955 -6.555
1.725 -1.955 -6.555
1.725 -2.415 -6.325
1.495 -2.185 -6.325
1.725 -1.955 -6.325
1.725 -1.955 -6.095
1.495 -2.645 -5.635
1.725 -2.415 -5.635
1.495 -2.185 -5.865
1.495 -2.185 -5.635
1.725 -2.185 -5.635
1.495 -1.955 -5.635
1.725 -1.955 -5.635
1.955 -3.105 -7.015
1.725 -1.725 -7.015
1.495 -1.265 -7.245
1.495 -1.035 -7.015
1.725 -1.725 -6.785
1.495 -1.725 -6.555
1.495 -1.495 -6.555
1.495 -1.035 -6.785
1.495 -1.265 -6.555
1.725 -1.265 -6.555
1.495 -1.035 -6.555
1.495 -0.805 -7.015
1.495 -0.345 -7.245
1.495 -0.115 -7.015
1.495 -0.575 -6.785
1.495 -0.345 -6.555
1.495 -0.115 -6.555
1.725 -1.495 -6.325
1.495 -1.725 -6.095
1.495 -1.495 -6.095
1.495 -1.035 -6.325
1.495 -1.265 -6.095
1.725 -1.725 -5.865
1.495 -1.495 -5.865
1.495 -1.725 -5.635
1.495 -1.495 -5.635
1.725 -1.495 -5.635
1.495 -1.265 -5.865
1.495 -1.035 -5.865
1.495 -1.265 -5.635
1.495 -1.035 -5.635
1.495 -0.805 -6.325
1.495 -0.575 -6.325
1.495 -0.805 -6.095
1.495 -0.345 -6.325
1.495 -0.115 -6.325
1.495 -0.805 -5.865
1.495 -0.575 -5.865
1.495 -0.805 -5.635
1.495 -0.575 -5.635
1.495 -0.345 -5.865
1.495 -0.115 -5.865
1.495 -0.345 -5.635
1.495 -2.415 -5.405
1.725 -2.415 -5.175
1.725 -2.185 -5.405
1.725 -2.185 -4.945
1.495 -2.185 -4.715
1.725 -2.185 -4.715
1.725 -1.955 -4.715
1.495 -2.185 -4.485
1.495 -1.955 -4.255
1.495 -1.955 -4.025
1.495 -1.955 -3.795
1.495 -1.725 -5.405
1.495 -1.495 -5.405
1.495 -1.495 -5.175
1.495 -1.035 -5.405
1.495 -1.265 -5.175
1.495 -1.035 -5.175
1.495 -1.495 -4.945
1.495 -1.725 -4.715
1.495 -1.495 -4.715
1.495 -1.265 -4.945
1.495 -1.265 -4.715
1.495 -1.035 -4.715
1.495 -0.805 -5.405
1.495 -0.805 -5.175
1.495 -0.575 -5.175
1.265 -0.115 -5.405
1.495 -0.115 -5.405
1.495 -0.345 -5.175
1.495 -0.805 -4.945
1.495 -0.575 -4.945
1.495 -0.805 -4.715
1.495 -0.575 -4.715
1.265 -0.345 -4.945
1.265 -0.345 -4.715
1.495 -0.345 -4.945
1.495 -0.115 -4.945
1.495 -0.345 -4.715
1.495 -0.115 -4.715
1.265 -1.725 -4.255
1.495 -1.725 -4.485
1.495 -1.495 -4.485
1.495 -1.725 -4.255
1.495 -1.495 -4.255
1.265 -1.265 -4.255
1.495 -1.265 -4.485
1.495 -1.035 -4.485
1.495 -1.265 -4.255
1.495 -1.035 -4.255
1.495 -1.725 -4.025
1.495 -1.495 -4.025
1.495 -1.725 -3.795
1.495 -1.495 -3.795
1.495 -1.265 -4.025
1.495 -1.035 -4.025
1.495 -1.265 -3.795
1.495 -1.035 -3.795
1.495 -0.805 -4.485
1.495 -0.575 -4.485
1.495 -0.805 -4.255
1.495 -0.575 -4.255
1.265 -0.345 -4.255
1.495 -0.345 -4.255
1.265 -0.575 -4.025
1.265 -0.575 -3.795
1.495 -0.805 -4.025
1.495 -0.575 -4.025
1.495 -0.805 -3.795
1.495 -0.575 -3.795
1.265 -0.345 -3.795
1.265 -0.115 -3.795
1.495 -0.345 -4.025
1.495 -0.115 -4.025
1.495 -0.345 -3.795
1.495 -0.115 -3.795
1.495 -1.955 -3.565
1.495 -1.725 -3.565
1.495 -1.495 -3.565
1.495 -1.725 -3.335
1.495 -1.495 -3.335
1.265 -1.265 -3.565
1.265 -1.265 -3.335
1.495 -1.265 -3.565
1.495 -1.035 -3.565
1.495 -1.265 -3.335
1.495 -1.035 -3.335
1.495 -1.725 -3.105
1.495 -1.495 -3.105
1.495 -1.495 -2.875
1.265 -1.265 -3.105
1.265 -1.265 -2.875
1.495 -1.265 -3.105
1.495 -1.035 -3.105
1.495 -1.265 -2.875
1.495 -1.035 -2.875
1.265 -0.575 -3.565
1.265 -0.575 -3.335
1.495 -0.805 -3.565
1.495 -0.575 -3.565
1.495 -0.805 -3.335
1.495 -0.575 -3.335
1.265 -0.345 -3.565
1.495 -0.345 -3.565
1.495 -0.115 -3.565
1.495 -0.345 -3.335
1.495 -0.115 -3.335
1.265 -0.575 -3.105
1.265 -0.575 -2.875
1.495 -0.805 -3.105
1.495 -0.575 -3.105
1.495 -0.805 -2.875
1.495 -0.575 -2.875
1.265 -0.115 -3.105
1.265 -0.345 -2.875
1.265 -0.115 -2.875
1.495 -0.345 -3.105
1.495 -0.115 -3.105
1.495 -0.345 -2.875
1.495 -0.115 -2.875
1.265 -1.495 -2.645
1.265 -1.265 -2.645
1.495 -1.265 -2.645
1.495 -1.035 -2.645
1.265 -0.805 -2.645
1.265 -0.575 -2.645
1.495 -0.805 -2.645
1.495 -0.575 -2.645
1.265 -0.345 -2.645
1.265 -0.115 -2.645
1.495 -0.345 -2.645
-2.185 4.485 -7.935
-2.415 4.255 -7.705
-2.415 4.485 -7.705
-1.495 4.485 -8.395
-1.495 4.485 -8.165
-1.495 4.255 -7.935
-1.495 4.485 -7.935
-1.265 4.485 -8.165
-1.495 4.485 -7.705
-1.265 4.715 -8.165
-2.415 2.415 -5.405
-1.265 0.805 -2.875
-1.265 0.575 -2.645
1.495 0.575 -9.775
1.725 0.345 -9.315
1.495 0.805 -9.545
1.495 1.265 -9.545
1.495 1.265 -9.315
1.725 1.725 -9.315
1.495 2.185 -9.315
1.495 2.415 -9.315
1.725 0.575 -8.855
1.495 0.805 -8.855
1.495 0.115 -8.625
1.725 0.345 -8.395
1.495 0.805 -8.395
1.495 1.265 -8.855
1.495 1.725 -8.855
1.495 1.035 -8.625
1.495 1.725 -8.395
1.495 0.115 -8.165
1.725 0.345 -8.165
1.495 0.575 -7.935
1.495 0.805 -7.705
1.495 0.575 -7.475
1.495 1.265 -8.165
1.495 1.035 -7.935
1.495 1.265 -7.935
1.495 1.725 -8.165
1.495 1.495 -7.935
1.495 1.265 -7.705
1.495 1.725 -7.705
1.495 1.495 -7.475
1.495 2.645 -9.085
1.495 2.415 -8.855
1.725 2.185 -8.395
1.495 2.645 -8.395
1.495 3.105 -8.625
1.495 3.565 -8.625
1.495 1.955 -8.165
1.495 2.185 -7.935
1.495 2.645 -8.165
1.495 2.645 -7.935
1.495 1.955 -7.705
1.725 2.185 -7.705
1.495 1.955 -7.475
1.495 2.185 -7.475
1.495 2.415 -7.475
1.495 2.875 -8.165
1.495 2.875 -7.935
1.495 3.105 -7.935
1.495 3.335 -7.935
1.495 3.105 -7.705
1.495 3.565 -7.705
1.495 4.255 -8.625
1.495 4.255 -8.395
1.495 4.485 -8.395
1.495 4.025 -8.165
1.495 3.795 -7.935
1.725 4.255 -7.935
1.495 4.485 -7.935
1.495 3.795 -7.475
1.265 4.715 -8.165
1.495 0.805 -7.015
1.495 0.115 -6.785
1.495 0.115 -6.555
1.495 0.345 -6.555
1.265 0.575 -6.785
1.495 0.575 -6.785
1.495 0.575 -6.555
1.495 0.805 -6.555
1.495 1.035 -7.245
1.495 1.265 -7.015
1.495 1.495 -7.245
1.495 1.035 -6.785
1.495 1.035 -6.555
1.265 1.495 -6.555
1.495 1.495 -6.785
1.495 0.115 -6.325
1.495 0.345 -6.325
1.495 0.575 -6.325
1.495 0.115 -5.865
1.495 0.345 -5.865
1.495 0.115 -5.635
1.495 0.345 -5.635
1.495 0.575 -5.865
1.495 0.805 -5.865
1.495 0.575 -5.635
0.345 1.035 -5.865
1.265 1.265 -6.095
1.495 1.035 -6.325
1.495 1.265 -6.095
1.265 1.495 -6.095
1.265 1.725 -6.095
1.495 1.725 -6.325
1.495 1.495 -6.095
1.495 1.725 -6.095
1.495 1.265 -5.865
1.495 1.035 -5.635
1.495 1.265 -5.635
1.495 1.495 -5.635
1.495 2.185 -7.245
1.495 2.185 -7.015
1.495 2.645 -7.245
1.495 2.185 -6.785
1.495 2.645 -6.785
1.495 2.415 -6.555
1.495 2.875 -7.245
1.495 3.105 -7.245
1.495 2.875 -7.015
1.495 3.335 -7.245
1.495 3.335 -7.015
1.265 3.105 -6.785
1.495 3.105 -6.785
1.495 2.875 -6.555
1.495 3.105 -6.555
1.495 3.335 -6.555
1.265 1.955 -6.095
1.495 1.955 -6.325
1.495 2.185 -6.325
1.495 1.955 -6.095
1.495 2.645 -6.325
1.495 2.645 -6.095
1.265 1.955 -5.635
1.495 1.955 -5.865
1.495 2.185 -5.865
1.495 2.185 -5.635
1.265 2.415 -5.865
1.495 2.415 -5.865
1.495 2.415 -5.635
1.495 2.645 -5.635
1.265 3.105 -6.095
1.495 2.875 -6.095
1.495 3.105 -6.095
1.265 3.335 -6.325
1.265 3.335 -6.095
1.495 3.565 -6.325
1.495 3.335 -6.095
1.495 3.565 -6.095
1.265 3.105 -5.865
1.495 2.875 -5.865
1.495 3.105 -5.865
1.725 3.105 -5.865
1.495 2.875 -5.635
1.495 3.105 -5.635
1.495 3.335 -5.865
1.495 0.115 -5.405
1.495 0.345 -5.405
1.495 0.115 -5.175
1.495 0.345 -5.175
1.495 0.575 -5.405
1.495 0.805 -5.405
1.495 0.575 -5.175
1.495 0.805 -5.175
1.495 0.115 -4.945
1.495 0.345 -4.945
1.495 0.115 -4.715
1.495 0.345 -4.715
1.495 0.575 -4.945
1.495 0.805 -4.945
1.495 0.575 -4.715
1.495 0.805 -4.715
1.495 1.035 -5.405
1.495 1.265 -5.405
1.495 1.035 -5.175
1.495 1.265 -5.175
1.265 1.495 -5.405
1.495 1.725 -5.405
1.495 1.725 -5.175
1.265 1.265 -4.945
1.495 1.035 -4.945
1.495 1.265 -4.715
1.265 1.495 -4.945
1.265 1.495 -4.715
1.495 1.495 -4.715
1.495 1.725 -4.715
1.495 0.115 -4.485
1.495 0.345 -4.485
1.495 0.345 -4.255
1.265 0.575 -4.255
1.265 0.805 -4.255
1.495 0.575 -4.485
1.495 0.575 -4.255
1.495 0.805 -4.255
1.725 0.805 -4.255
1.265 0.345 -3.795
1.495 0.115 -4.025
1.495 0.345 -4.025
1.495 0.115 -3.795
1.495 0.345 -3.795
1.265 0.575 -4.025
1.265 0.575 -3.795
1.265 0.805 -3.795
1.495 0.575 -4.025
1.495 0.805 -4.025
1.495 0.575 -3.795
1.495 0.805 -3.795
1.265 1.035 -4.255
1.495 1.035 -4.485
1.495 1.265 -4.485
1.495 1.265 -4.255
1.265 1.495 -4.255
1.265 1.725 -4.255
1.495 1.495 -4.485
1.495 1.725 -4.485
1.495 1.495 -4.255
1.265 1.035 -4.025
1.265 1.035 -3.795
1.495 1.035 -4.025
1.495 1.035 -3.795
1.495 1.265 -3.795
1.265 1.495 -4.025
1.265 1.725 -4.025
1.265 1.495 -3.795
1.265 1.725 -3.795
1.495 1.495 -4.025
1.495 1.725 -3.795
1.495 1.955 -5.405
1.495 1.955 -5.175
1.495 2.185 -5.175
1.265 2.645 -5.405
1.495 2.415 -5.405
1.495 2.645 -5.405
1.495 2.415 -5.175
1.495 1.955 -4.945
1.495 2.185 -4.945
1.495 1.955 -4.715
1.495 2.185 -4.715
1.495 2.875 -5.405
1.265 2.185 -4.255
1.495 1.955 -4.485
1.495 2.185 -4.485
1.495 1.955 -4.255
1.495 2.185 -4.255
1.495 2.415 -4.485
1.265 1.955 -4.025
1.265 1.955 -3.795
1.495 4.255 -7.245
1.265 0.345 -3.565
1.265 0.115 -3.335
1.495 0.115 -3.565
1.495 0.345 -3.565
1.495 0.345 -3.335
1.265 0.575 -3.565
1.265 0.805 -3.565
1.265 0.575 -3.335
1.265 0.805 -3.335
1.495 0.805 -3.335
1.265 0.115 -3.105
1.265 0.345 -3.105
1.265 0.115 -2.875
1.265 0.345 -2.875
1.495 0.115 -3.105
1.495 0.345 -3.105
1.495 0.115 -2.875
1.495 0.345 -2.875
1.265 0.575 -3.105
1.265 0.805 -3.105
1.265 0.575 -2.875
1.265 0.805 -2.875
1.495 0.575 -3.105
1.495 0.805 -3.105
1.495 0.575 -2.875
1.495 0.805 -2.875
1.265 1.035 -3.565
1.265 1.265 -3.565
1.265 1.035 -3.335
1.495 1.035 -3.565
1.495 1.265 -3.565
1.495 1.035 -3.335
1.495 1.265 -3.335
1.265 1.495 -3.565
1.265 1.725 -3.565
1.495 1.495 -3.565
1.495 1.725 -3.565
1.495 1.495 -3.335
1.495 1.725 -3.335
1.265 1.035 -3.105
1.265 1.265 -3.105
1.265 1.035 -2.875
1.265 1.265 -2.875
1.495 1.035 -3.105
1.495 1.265 -3.105
1.495 1.035 -2.875
1.495 1.265 -2.875
1.265 1.495 -3.105
1.495 1.495 -3.105
1.265 0.115 -2.645
1.265 0.345 -2.645
1.495 0.115 -2.645
1.495 0.345 -2.645
1.265 0.575 -2.645
1.265 0.805 -2.645
1.265 1.035 -2.645
