-2.415 -7.475 -9.085
-2.185 -8.395 -8.165
-1.955 -6.325 -7.705
-1.265 -6.325 -8.395
-0.345 -5.635 -8.395
-0.115 -4.945 -8.855
-1.725 -4.715 -8.165
-0.115 -5.175 -8.165
-0.345 -4.945 -7.935
-0.575 -5.175 -7.475
-0.115 -5.175 -7.705
-0.115 -5.175 -7.475
-1.725 -4.255 -7.935
-0.805 -9.085 -2.875
-0.575 -8.165 -3.335
-0.575 -7.935 -2.415
-0.115 -7.935 -2.415
-0.345 -7.475 -2.415
-0.115 -8.625 -1.035
-0.115 -8.395 -1.035
-0.115 -8.165 -1.265
-0.575 -5.635 -6.325
-0.575 -5.635 -6.095
-0.575 -5.635 -5.865
-0.575 -5.635 -5.635
-0.345 -5.635 -5.635
-0.115 -5.635 -5.635
-2.185 -4.255 -7.245
-0.345 -5.175 -7.245
-0.115 -5.175 -7.245
-0.115 -5.175 -7.015
-0.805 -5.405 -6.555
-0.575 -5.405 -6.555
-0.345 -5.405 -6.785
-0.345 -5.405 -6.555
-0.115 -5.405 -6.555
-0.115 -5.175 -6.555
-0.575 -5.405 -6.325
-0.805 -5.405 -6.095
-0.805 -5.175 -6.095
-0.345 -5.405 -6.325
-0.115 -5.405 -6.325
-0.115 -5.175 -6.325
-0.345 -5.405 -6.095
-0.115 -5.405 -6.095
-0.805 -5.405 -5.865
-0.575 -5.405 -5.865
-0.575 -5.405 -5.635
-0.345 -5.405 -5.865
-0.345 -5.405 -5.635
-0.345 -5.175 -5.635
-0.575 -5.635 -5.175
-0.345 -5.635 -5.405
-0.115 -5.635 -5.405
-0.575 -5.405 -5.405
-0.345 -5.405 -5.405
-0.115 -5.405 -5.405
-0.345 -5.175 -5.405
-0.115 -5.175 -5.405
-0.345 -5.175 -5.175
-0.115 -5.175 -5.175
-0.345 -4.945 -5.405
-0.115 -4.945 -5.405
-0.345 -4.715 -5.405
-0.115 -4.715 -5.405
-0.115 -4.945 -5.175
-0.345 -4.715 -5.175
-0.115 -4.715 -5.175
-0.115 -4.715 -4.945
-0.345 -4.485 -5.175
-0.115 -4.485 -5.175
-0.345 -4.485 -4.945
-0.805 -7.015 -3.565
-0.575 -7.245 -2.645
1.725 -10.235 -9.545
3.105 -9.545 -9.315
2.875 -8.625 -9.315
2.875 -7.935 -9.315
2.875 -10.235 -9.085
2.645 -9.775 -8.625
2.875 -10.005 -9.085
2.875 -9.545 -9.085
2.875 -9.775 -8.625
2.875 -9.315 -8.625
2.645 -10.695 -8.165
2.645 -10.465 -8.165
2.645 -10.465 -7.705
2.875 -10.465 -8.165
2.875 -10.235 -7.935
2.645 -10.005 -8.165
2.645 -9.315 -7.935
2.645 -10.005 -7.475
2.645 -9.775 -7.475
2.875 -10.005 -8.165
2.875 -10.005 -7.935
2.875 -9.775 -7.705
2.645 -9.085 -8.395
2.645 -8.855 -8.395
2.875 -8.625 -9.085
3.105 -8.395 -9.085
2.875 -8.625 -8.625
2.415 -9.085 -7.935
2.645 -8.625 -8.165
2.645 -8.395 -7.935
2.645 -9.085 -7.705
2.415 -8.855 -7.475
2.645 -7.475 -8.165
2.875 -6.785 -9.315
2.645 -6.555 -8.625
2.875 -6.785 -8.855
2.875 -6.785 -8.625
2.875 -6.555 -8.625
2.875 -5.865 -8.855
2.645 -7.245 -8.165
2.645 -7.015 -8.165
2.645 -6.555 -8.165
2.645 -6.555 -7.935
2.645 -7.245 -7.705
2.645 -7.245 -7.475
2.875 -7.015 -7.705
2.875 -6.785 -7.705
2.645 -6.325 -7.935
2.645 -6.325 -7.705
2.645 -6.325 -7.475
2.415 -6.095 -7.475
2.645 -6.095 -7.475
2.415 -5.865 -7.475
0.115 -4.945 -8.855
0.575 -4.945 -8.855
0.575 -4.715 -8.855
0.345 -4.715 -8.625
0.115 -4.945 -8.395
0.345 -4.945 -8.395
0.115 -4.715 -8.395
0.575 -4.945 -8.395
1.035 -4.715 -8.855
1.265 -4.715 -8.855
1.495 -4.715 -8.855
1.495 -4.945 -8.395
1.725 -4.715 -8.395
0.115 -4.945 -7.935
0.575 -4.945 -8.165
0.805 -4.945 -8.165
0.575 -4.715 -8.165
0.805 -4.945 -7.935
0.575 -4.945 -7.705
0.805 -4.945 -7.705
0.575 -4.945 -7.475
0.805 -4.945 -7.475
1.035 -4.945 -8.165
1.265 -4.945 -8.165
1.495 -4.945 -8.165
1.035 -5.175 -7.475
1.495 -5.175 -7.475
1.725 -4.945 -7.705
1.495 -4.945 -7.475
1.725 -4.945 -7.475
1.955 -4.715 -8.395
2.185 -4.715 -8.395
2.415 -4.945 -8.395
2.645 -4.945 -8.395
2.875 -5.405 -8.855
2.875 -5.175 -8.855
2.645 -5.405 -7.935
1.955 -4.945 -8.165
2.185 -4.945 -7.935
2.415 -4.945 -8.165
2.645 -4.945 -8.165
2.185 -5.175 -7.475
2.645 -5.405 -7.705
2.645 -5.175 -7.705
2.415 -5.175 -7.475
1.955 -4.945 -7.705
2.185 -4.945 -7.705
2.185 -4.715 -7.705
1.955 -4.945 -7.475
2.645 -9.315 -7.245
2.415 -9.545 -7.015
2.415 -9.545 -6.785
2.415 -9.545 -6.555
2.415 -9.315 -6.555
2.415 -10.235 -6.325
2.415 -10.235 -6.095
2.415 -10.235 -5.865
2.415 -10.005 -6.325
2.415 -10.005 -6.095
2.415 -9.545 -6.325
2.415 -9.315 -6.325
2.415 -9.545 -6.095
2.415 -9.315 -6.095
2.185 -9.775 -5.635
2.415 -9.775 -5.865
2.415 -10.005 -5.635
2.415 -9.545 -5.635
2.415 -9.315 -5.635
2.415 -9.085 -7.245
2.415 -8.855 -7.015
2.645 -8.855 -7.015
2.645 -8.625 -7.245
2.415 -9.085 -6.555
2.415 -8.855 -6.555
2.415 -8.395 -6.555
2.415 -8.165 -7.015
2.185 -8.165 -6.555
2.415 -8.165 -6.785
2.415 -8.165 -6.555
2.415 -7.935 -6.555
2.415 -7.705 -6.785
2.415 -7.475 -6.785
2.415 -7.475 -6.555
2.645 -7.475 -6.555
2.185 -9.085 -6.095
2.415 -8.855 -6.325
2.645 -8.855 -6.325
2.415 -9.085 -6.095
2.185 -8.395 -6.325
2.185 -8.625 -6.095
2.415 -8.625 -6.325
2.415 -8.395 -6.325
2.415 -8.625 -6.095
2.415 -8.395 -6.095
2.415 -9.085 -5.865
2.415 -8.855 -5.865
2.415 -8.625 -5.865
2.415 -8.395 -5.865
2.185 -7.935 -6.095
2.415 -8.165 -6.325
2.415 -7.935 -6.095
2.415 -7.475 -6.325
2.415 -7.705 -6.095
2.185 -7.935 -5.865
2.415 -8.165 -5.865
2.415 -7.935 -5.865
2.415 -8.165 -5.635
2.415 -7.935 -5.635
2.415 -7.475 -5.865
2.415 -7.475 -5.635
2.185 -9.775 -5.405
2.185 -9.775 -5.175
2.415 -10.005 -5.405
2.415 -9.775 -5.405
2.415 -10.005 -5.175
2.415 -9.545 -5.405
2.415 -9.315 -5.405
2.415 -9.545 -5.175
2.415 -9.315 -5.175
2.185 -9.775 -4.945
2.185 -9.775 -4.715
2.415 -10.005 -4.945
2.185 -9.315 -4.945
2.185 -9.545 -4.715
2.185 -9.315 -4.715
2.415 -9.315 -4.945
2.415 -9.315 -4.715
2.185 -9.775 -4.485
2.185 -9.775 -4.255
2.185 -9.545 -4.485
2.185 -9.545 -4.255
2.185 -9.315 -4.255
2.185 -9.775 -4.025
2.185 -9.775 -3.795
2.185 -9.545 -4.025
1.955 -9.315 -4.025
2.185 -9.315 -4.025
1.955 -9.545 -3.795
1.955 -9.315 -3.795
2.185 -9.315 -3.795
2.185 -9.085 -5.405
2.185 -8.855 -5.175
2.415 -9.085 -5.405
2.415 -8.855 -5.405
2.415 -8.855 -5.175
2.185 -8.625 -5.405
2.185 -8.395 -5.405
2.415 -8.395 -5.405
2.185 -9.085 -4.945
2.185 -9.085 -4.715
2.185 -8.855 -4.715
2.185 -8.625 -4.945
2.185 -8.395 -4.945
2.185 -8.625 -4.715
2.185 -8.395 -4.715
2.185 -7.935 -5.405
2.185 -7.935 -5.175
2.415 -7.935 -5.405
2.415 -8.165 -5.175
2.185 -7.705 -5.405
2.185 -7.475 -5.405
2.185 -7.705 -5.175
2.185 -7.475 -5.175
2.415 -7.705 -5.175
2.185 -8.165 -4.945
2.415 -7.935 -4.945
2.185 -7.705 -4.945
2.185 -7.705 -4.715
2.185 -7.475 -4.715
2.415 -7.705 -4.945
2.185 -9.085 -4.485
2.185 -8.855 -4.485
2.185 -9.085 -4.255
2.185 -8.855 -4.255
2.185 -8.625 -4.485
2.185 -8.395 -4.485
2.185 -8.625 -4.255
2.185 -8.395 -4.255
2.185 -9.085 -4.025
1.955 -8.855 -4.025
2.185 -8.855 -4.025
2.185 -9.085 -3.795
1.955 -8.855 -3.795
2.185 -8.625 -4.025
2.185 -8.395 -4.025
1.955 -8.625 -3.795
2.185 -8.625 -3.795
2.185 -8.395 -3.795
2.185 -8.165 -4.485
2.185 -7.935 -4.485
2.185 -7.935 -4.255
2.185 -7.705 -4.485
2.185 -7.475 -4.485
2.185 -7.705 -4.255
2.185 -7.475 -4.255
2.185 -8.165 -4.025
1.955 -7.935 -4.025
1.955 -8.165 -3.795
2.185 -8.165 -3.795
1.955 -7.935 -3.795
2.185 -7.705 -4.025
2.185 -7.475 -4.025
1.955 -7.705 -3.795
1.955 -7.475 -3.795
2.185 -7.475 -3.795
0.345 -9.315 -3.105
0.345 -9.315 -2.185
1.955 -9.545 -3.565
2.185 -9.545 -3.565
1.955 -9.315 -3.565
2.185 -9.315 -3.565
1.955 -9.545 -3.335
1.955 -9.315 -3.335
1.955 -9.545 -3.105
1.955 -9.315 -3.105
1.955 -9.545 -2.875
1.955 -9.315 -2.875
1.955 -9.545 -2.645
1.955 -9.315 -2.645
1.725 -7.705 -2.415
1.725 -7.475 -2.415
1.955 -9.085 -3.565
2.185 -9.085 -3.565
1.955 -8.855 -3.565
1.955 -9.085 -3.335
1.955 -8.855 -3.335
1.955 -8.625 -3.565
1.955 -8.395 -3.565
1.955 -8.625 -3.335
1.955 -8.395 -3.335
1.955 -9.085 -3.105
1.955 -8.855 -3.105
1.955 -9.085 -2.875
1.955 -8.855 -2.875
1.955 -8.625 -3.105
1.955 -8.395 -3.105
1.955 -8.625 -2.875
1.955 -8.395 -2.875
1.955 -8.165 -3.565
1.955 -7.935 -3.565
1.955 -8.165 -3.335
1.955 -7.935 -3.335
1.955 -7.705 -3.565
1.955 -7.475 -3.565
2.185 -7.475 -3.565
1.955 -7.705 -3.335
1.955 -7.475 -3.335
1.955 -8.165 -3.105
1.955 -7.935 -3.105
1.955 -8.165 -2.875
1.955 -7.935 -2.875
1.955 -7.705 -3.105
1.955 -7.475 -3.105
1.955 -7.705 -2.875
1.955 -7.475 -2.875
1.955 -9.085 -2.645
1.955 -8.855 -2.645
1.955 -9.085 -2.415
1.955 -8.625 -2.645
1.955 -8.395 -2.645
1.955 -8.625 -2.415
1.955 -8.395 -2.415
1.955 -8.165 -2.645
1.955 -7.935 -2.645
1.955 -8.165 -2.415
1.955 -7.935 -2.415
1.955 -7.705 -2.645
1.955 -7.475 -2.645
1.955 -7.705 -2.415
0.115 -9.085 -1.265
0.115 -8.625 -1.265
0.575 -6.555 -5.865
0.345 -5.635 -5.635
2.645 -7.015 -7.015
2.645 -6.555 -7.015
2.645 -7.245 -6.785
2.645 -7.015 -6.785
2.415 -6.785 -6.785
2.415 -6.555 -6.785
2.415 -6.555 -6.555
2.415 -6.095 -7.015
2.645 -6.095 -7.015
2.645 -5.635 -7.245
2.645 -6.095 -6.785
2.645 -6.325 -6.555
2.415 -6.095 -6.555
2.645 -5.635 -6.785
2.415 -5.635 -6.555
2.415 -7.015 -6.325
2.415 -6.785 -6.325
2.415 -6.785 -6.095
2.415 -6.555 -6.095
2.415 -7.245 -5.865
2.415 -7.015 -5.635
2.415 -6.785 -5.635
2.185 -6.095 -6.325
2.415 -6.325 -6.325
2.415 -6.325 -6.095
2.415 -6.095 -6.095
2.415 -5.635 -6.325
2.415 -5.865 -6.095
2.415 -5.635 -6.095
2.185 -6.325 -5.865
2.415 -6.325 -5.865
2.415 -6.095 -5.865
2.415 -6.095 -5.635
2.185 -5.865 -5.635
1.955 -5.635 -5.635
2.185 -5.635 -5.635
2.415 -5.865 -5.865
2.415 -5.635 -5.635
0.115 -5.175 -7.245
0.115 -5.175 -7.015
0.115 -5.175 -6.785
0.345 -5.175 -6.785
0.115 -5.175 -6.555
0.345 -5.175 -6.555
0.575 -5.175 -6.785
0.805 -5.175 -6.785
0.575 -5.175 -6.555
0.805 -5.175 -6.555
1.035 -5.175 -7.245
1.265 -5.175 -7.245
1.035 -5.405 -7.015
1.265 -5.405 -7.015
1.265 -5.175 -7.015
1.495 -5.175 -7.245
1.725 -4.945 -7.245
1.035 -5.405 -6.785
1.035 -5.175 -6.785
1.035 -5.405 -6.555
1.265 -5.405 -6.555
1.035 -5.175 -6.555
1.265 -5.175 -6.555
1.725 -5.175 -6.785
1.725 -5.405 -6.555
1.495 -5.175 -6.555
0.345 -5.175 -6.325
0.115 -5.405 -6.095
0.575 -5.405 -6.325
0.575 -5.405 -6.095
0.805 -5.405 -6.095
0.345 -5.405 -5.865
0.115 -5.405 -5.635
0.345 -5.405 -5.635
0.575 -5.405 -5.635
0.345 -4.945 -5.635
0.575 -4.945 -5.635
1.035 -5.175 -6.325
1.265 -5.175 -6.325
1.035 -5.405 -6.095
1.265 -5.405 -6.095
1.495 -5.175 -6.325
1.725 -5.175 -6.325
1.495 -5.405 -6.095
1.725 -5.405 -6.095
1.265 -5.405 -5.635
1.495 -5.405 -5.635
1.725 -5.405 -5.635
1.495 -5.175 -5.635
1.725 -5.175 -5.635
1.725 -4.945 -5.635
2.185 -5.405 -7.015
2.185 -5.175 -7.015
2.645 -5.405 -7.245
2.645 -5.175 -7.245
2.415 -5.175 -7.015
2.185 -4.945 -7.245
1.955 -4.945 -7.015
2.185 -5.405 -6.785
2.185 -5.175 -6.785
2.185 -5.175 -6.555
2.415 -5.405 -6.785
2.415 -5.175 -6.785
2.415 -5.405 -6.555
1.955 -4.945 -6.785
1.955 -5.405 -6.095
2.185 -5.405 -6.095
2.415 -5.405 -6.325
2.415 -5.405 -6.095
2.185 -5.405 -5.865
1.955 -5.405 -5.635
1.955 -5.175 -5.635
0.575 -5.635 -5.405
0.805 -5.635 -5.405
0.575 -5.865 -5.175
0.805 -5.865 -5.175
1.035 -5.635 -5.405
1.265 -5.635 -5.405
2.185 -7.245 -5.405
2.185 -7.015 -5.405
2.185 -7.245 -5.175
2.185 -7.015 -5.175
2.415 -7.245 -5.405
2.185 -6.785 -5.405
2.185 -6.555 -5.405
2.185 -6.785 -5.175
2.185 -6.555 -5.175
2.185 -7.245 -4.945
2.185 -7.015 -4.945
2.185 -7.245 -4.715
2.185 -6.785 -4.945
2.185 -6.555 -4.945
2.185 -6.785 -4.715
2.185 -6.555 -4.715
2.185 -6.325 -5.175
2.185 -6.095 -5.175
2.185 -5.865 -5.405
2.185 -5.635 -5.405
2.185 -5.865 -5.175
2.185 -5.635 -5.175
2.185 -6.325 -4.945
2.185 -6.095 -4.715
2.185 -5.865 -4.945
2.185 -5.635 -4.945
2.185 -5.865 -4.715
2.185 -5.635 -4.715
2.415 -5.865 -4.945
2.415 -5.635 -4.715
2.185 -7.245 -4.485
2.185 -7.015 -4.485
2.185 -7.245 -4.255
2.185 -7.015 -4.255
2.185 -6.785 -4.485
2.185 -6.555 -4.485
2.185 -6.785 -4.255
2.185 -6.555 -4.255
2.185 -7.245 -4.025
2.185 -7.015 -4.025
2.185 -7.245 -3.795
1.955 -7.015 -3.795
2.185 -7.015 -3.795
1.955 -6.785 -4.025
2.185 -6.785 -4.025
2.185 -6.555 -4.025
1.955 -6.785 -3.795
2.185 -6.785 -3.795
1.955 -6.555 -3.795
2.185 -6.555 -3.795
2.185 -6.325 -4.485
2.185 -6.095 -4.485
2.185 -6.325 -4.255
2.185 -5.865 -4.485
2.185 -5.635 -4.485
2.185 -5.865 -4.255
2.185 -5.635 -4.255
2.185 -6.325 -4.025
2.185 -6.095 -4.025
1.955 -6.095 -3.795
2.185 -6.095 -3.795
1.955 -5.865 -4.025
2.185 -5.865 -4.025
1.955 -5.635 -4.025
2.185 -5.635 -4.025
1.955 -5.865 -3.795
0.115 -5.405 -5.405
0.345 -5.405 -5.405
0.115 -5.175 -5.405
0.345 -5.175 -5.405
0.575 -5.405 -5.405
0.805 -5.405 -5.405
0.575 -5.175 -5.405
0.805 -5.175 -5.405
0.115 -4.945 -5.405
0.115 -4.945 -5.175
0.115 -4.715 -5.405
0.115 -4.715 -5.175
0.345 -4.945 -5.405
0.345 -4.945 -5.175
0.345 -4.715 -5.405
0.345 -4.715 -5.175
0.575 -4.945 -5.405
0.805 -4.945 -5.405
0.805 -4.715 -5.405
0.575 -4.945 -5.175
0.575 -4.715 -5.175
0.805 -4.715 -5.175
0.345 -4.715 -4.945
0.805 -4.715 -4.945
1.035 -5.405 -5.405
1.265 -5.405 -5.405
1.035 -5.175 -5.405
1.265 -5.175 -5.405
1.035 -5.405 -5.175
1.035 -5.175 -5.175
1.265 -5.175 -5.175
1.495 -5.405 -5.405
1.495 -5.175 -5.405
1.725 -5.175 -5.405
1.035 -4.945 -5.405
1.265 -4.945 -5.405
1.035 -4.715 -5.405
1.035 -4.945 -5.175
1.265 -4.945 -5.175
1.035 -4.715 -5.175
1.265 -4.715 -5.175
1.725 -4.945 -5.405
1.495 -4.715 -5.405
1.495 -4.945 -5.175
1.725 -4.945 -5.175
1.725 -4.715 -5.175
1.035 -4.715 -4.945
1.495 -4.715 -4.945
1.725 -4.715 -4.945
0.345 -4.485 -5.405
0.115 -4.485 -5.175
0.345 -4.485 -5.175
0.575 -4.485 -5.175
0.805 -4.485 -5.175
0.345 -4.485 -4.945
0.575 -4.485 -4.945
0.805 -4.485 -4.945
1.035 -4.485 -5.175
1.265 -4.485 -5.175
1.265 -4.255 -5.175
1.495 -4.485 -5.405
1.495 -4.485 -5.175
1.035 -4.485 -4.945
1.265 -4.485 -4.945
1.495 -4.485 -4.945
1.725 -4.945 -4.485
1.955 -5.405 -5.405
2.185 -5.405 -5.405
1.955 -5.405 -5.175
2.185 -5.405 -5.175
1.955 -5.175 -5.175
2.185 -5.175 -5.175
2.185 -4.945 -5.175
1.955 -5.405 -4.945
2.185 -5.405 -4.945
2.185 -5.175 -4.945
1.955 -5.405 -4.715
2.185 -5.405 -4.715
2.185 -5.175 -4.715
2.415 -5.405 -4.945
1.955 -4.945 -4.945
2.185 -4.945 -4.945
1.955 -4.715 -4.945
2.185 -4.945 -4.715
1.955 -4.715 -4.715
2.185 -4.715 -4.715
2.185 -4.255 -5.175
2.185 -4.485 -4.945
2.185 -4.485 -4.715
2.185 -5.405 -4.255
1.955 -5.175 -4.255
2.185 -4.715 -4.485
2.185 -4.945 -4.255
1.955 -5.405 -4.025
2.185 -5.405 -4.025
2.185 -5.175 -4.025
1.955 -5.405 -3.795
1.725 -7.245 -2.415
1.725 -7.015 -2.415
1.725 -7.245 -2.185
1.725 -7.015 -2.185
1.955 -7.245 -3.565
1.955 -7.015 -3.565
2.185 -7.015 -3.565
1.955 -7.245 -3.335
1.955 -7.015 -3.335
1.955 -6.785 -3.565
1.955 -6.555 -3.565
1.955 -6.785 -3.335
1.955 -6.555 -3.335
1.955 -7.245 -3.105
1.955 -7.015 -3.105
2.185 -7.015 -3.105
1.955 -7.245 -2.875
1.955 -7.015 -2.875
1.955 -6.785 -3.105
1.955 -6.555 -3.105
1.955 -6.785 -2.875
1.955 -6.555 -2.875
1.955 -6.325 -3.565
1.955 -6.095 -3.565
2.185 -6.095 -3.565
1.955 -6.325 -3.335
1.955 -6.095 -3.335
1.955 -5.865 -3.565
1.955 -5.635 -3.565
1.955 -5.865 -3.335
1.955 -5.635 -3.335
1.955 -6.325 -3.105
1.955 -6.095 -3.105
1.955 -6.325 -2.875
1.955 -5.865 -3.105
2.185 -5.865 -3.105
1.955 -7.245 -2.645
1.955 -7.015 -2.645
1.955 -7.245 -2.415
1.955 -7.015 -2.415
1.955 -6.785 -2.645
1.955 -6.555 -2.645
1.955 -6.785 -2.415
1.955 -6.555 -2.415
1.955 -6.325 -2.645
