-0.575 -5.635 -9.775
-0.575 -5.635 -9.085
-0.345 -1.035 -9.085
-0.115 -3.795 -4.255
-0.115 -4.485 -1.495
2.875 -7.245 -9.315
0.805 -5.635 -8.855
2.645 -6.555 -9.085
2.415 -6.785 -8.625
2.415 -6.555 -8.625
2.645 -6.325 -8.625
2.645 -5.635 -8.395
2.415 -6.785 -8.165
2.415 -6.555 -7.935
2.415 -6.555 -7.705
2.415 -6.785 -7.475
2.645 -6.325 -8.165
2.645 -6.095 -8.165
2.415 -6.095 -7.705
2.415 -6.325 -7.475
2.415 -5.635 -7.705
2.415 -5.635 -7.475
2.645 -5.175 -9.085
2.645 -5.405 -8.855
2.645 -5.175 -8.855
2.645 -4.945 -8.855
2.645 -4.715 -8.625
2.645 -4.255 -8.625
2.415 -4.025 -8.625
2.875 -4.255 -9.085
2.645 -5.405 -7.935
2.645 -5.175 -7.935
2.415 -5.175 -7.705
2.415 -5.405 -7.475
2.415 -4.945 -7.705
2.415 -4.715 -7.705
2.415 -4.945 -7.475
2.415 -4.485 -8.165
2.645 -4.485 -8.165
2.415 -3.795 -8.165
2.415 -4.255 -7.705
2.415 -4.485 -7.475
2.415 -4.255 -7.475
2.415 -4.025 -7.475
2.415 -3.795 -7.475
2.645 -2.875 -9.085
2.645 -3.565 -8.625
2.645 -3.565 -8.395
2.645 -3.105 -8.395
2.645 -2.415 -8.855
2.645 -2.645 -8.625
2.645 -1.955 -8.395
2.875 -2.185 -8.625
2.875 -1.955 -8.625
2.415 -3.335 -8.165
2.415 -3.335 -7.705
2.415 -3.565 -7.475
2.415 -3.105 -7.705
2.415 -2.875 -7.705
2.415 -3.105 -7.475
2.645 -1.955 -7.935
2.415 -1.955 -7.705
2.415 -1.955 -7.475
0.115 -1.035 -9.085
0.575 -1.035 -9.085
1.035 -1.035 -9.085
0.115 -0.805 -9.085
0.345 -0.345 -8.625
0.575 -0.345 -8.625
1.495 -0.575 -8.855
1.725 -0.575 -8.625
1.495 -0.575 -8.395
1.035 -0.115 -8.625
1.495 -0.345 -8.625
1.725 -0.115 -8.625
1.725 -0.345 -8.395
0.115 -0.115 -8.165
0.345 -0.115 -8.165
0.575 -0.115 -8.165
1.725 -0.575 -8.165
1.725 -0.805 -7.935
1.725 -0.345 -8.165
1.725 -0.575 -7.705
2.645 -1.725 -9.085
2.415 -1.495 -8.855
2.415 -1.035 -8.625
2.415 -1.265 -8.395
1.955 -0.575 -8.625
2.415 -0.805 -8.625
2.415 -0.115 -8.395
2.415 -1.725 -8.165
2.645 -1.495 -7.935
2.415 -1.035 -8.165
2.645 -1.035 -8.165
2.645 -1.035 -7.935
2.415 -1.725 -7.705
2.645 -1.725 -7.705
2.415 -1.495 -7.705
2.645 -1.265 -7.705
2.645 -1.035 -7.705
1.955 -0.575 -7.935
2.645 -0.805 -8.165
1.955 -0.115 -8.165
2.185 -0.805 -7.475
1.955 -0.575 -7.475
2.415 -0.805 -7.705
2.415 -0.575 -7.705
2.415 -0.575 -7.475
2.645 -0.575 -7.475
2.185 -0.345 -7.705
2.415 -0.345 -7.705
2.415 -0.115 -7.705
2.645 -0.115 -7.475
2.415 -6.785 -7.245
2.415 -6.555 -7.245
2.415 -6.785 -6.785
2.415 -6.555 -6.785
2.415 -6.095 -7.245
2.415 -5.865 -7.245
2.185 -6.325 -6.785
2.415 -6.325 -6.785
2.415 -6.095 -6.555
2.185 -5.635 -6.785
2.415 -5.865 -6.785
2.415 -5.865 -6.555
2.415 -5.635 -6.555
2.185 -6.325 -6.325
2.185 -6.095 -6.325
2.415 -6.095 -6.095
2.185 -5.635 -6.325
2.185 -5.865 -6.095
2.185 -6.095 -5.865
2.185 -5.865 -5.635
2.185 -5.635 -5.635
2.415 -5.175 -7.245
2.415 -4.715 -7.245
2.415 -4.945 -7.015
2.185 -5.405 -6.555
2.415 -5.405 -6.785
2.185 -4.945 -6.785
2.415 -4.715 -6.785
2.415 -4.715 -6.555
2.415 -4.485 -7.245
2.415 -4.485 -7.015
2.415 -4.255 -7.015
2.415 -4.025 -7.245
2.415 -3.795 -7.245
2.415 -4.025 -7.015
2.415 -4.255 -6.785
2.185 -4.025 -6.555
2.415 -3.795 -6.785
2.415 -4.025 -6.555
2.185 -5.405 -6.325
2.185 -5.175 -6.325
2.185 -5.405 -6.095
2.185 -5.175 -6.095
2.185 -4.945 -6.095
2.415 -4.715 -6.325
2.185 -5.405 -5.635
2.185 -4.945 -5.865
2.185 -4.715 -5.865
2.185 -4.945 -5.635
2.185 -4.485 -6.325
2.185 -4.255 -6.325
2.185 -4.255 -6.095
2.415 -4.485 -6.325
2.185 -4.025 -6.325
2.185 -3.795 -6.325
2.185 -4.485 -5.865
2.185 -4.255 -5.635
2.185 -4.025 -5.865
2.185 -3.795 -5.865
2.185 -4.025 -5.635
2.185 -3.795 -5.635
2.185 -6.095 -5.175
2.185 -5.635 -5.405
1.955 -5.865 -5.175
2.185 -5.865 -5.175
2.185 -5.635 -5.175
1.955 -6.095 -4.945
1.955 -6.095 -4.715
1.955 -5.865 -4.945
1.955 -5.635 -4.945
2.185 -5.635 -4.945
1.955 -5.865 -4.715
1.955 -5.635 -4.715
1.955 -6.095 -4.485
1.955 -6.095 -4.255
1.955 -5.865 -4.485
1.955 -5.635 -4.485
2.185 -5.635 -4.485
1.955 -5.865 -4.255
1.955 -5.635 -4.255
1.955 -5.865 -4.025
1.955 -5.635 -4.025
1.955 -5.865 -3.795
1.955 -5.635 -3.795
1.725 -5.175 -3.795
2.185 -5.405 -5.405
2.185 -5.175 -5.405
2.185 -5.405 -5.175
2.185 -5.175 -5.175
2.185 -4.945 -5.405
2.185 -4.715 -5.405
2.185 -4.945 -5.175
2.185 -4.715 -5.175
2.185 -5.405 -4.945
2.185 -5.175 -4.945
1.955 -5.405 -4.715
2.185 -5.405 -4.715
1.955 -5.175 -4.715
2.185 -4.945 -4.945
2.185 -4.715 -4.945
2.185 -4.485 -5.405
2.185 -4.485 -5.175
1.955 -4.255 -5.175
2.185 -4.255 -5.175
1.955 -4.025 -5.405
2.185 -4.025 -5.175
2.185 -3.795 -5.175
1.955 -4.485 -4.945
2.185 -4.485 -4.945
1.955 -4.255 -4.945
2.185 -4.255 -4.945
1.955 -4.485 -4.715
1.955 -4.255 -4.715
1.955 -3.795 -4.945
2.185 -3.795 -4.945
1.955 -4.025 -4.715
1.955 -3.795 -4.715
1.955 -5.405 -4.485
2.185 -5.405 -4.485
1.955 -5.175 -4.485
1.955 -5.405 -4.255
1.955 -5.175 -4.255
1.955 -4.945 -4.485
1.955 -4.715 -4.485
1.955 -4.945 -4.255
1.955 -4.715 -4.255
1.955 -5.405 -4.025
1.955 -5.175 -4.025
1.955 -5.405 -3.795
1.955 -5.175 -3.795
1.955 -4.945 -4.025
1.955 -4.715 -4.025
1.955 -4.945 -3.795
1.955 -4.715 -3.795
1.955 -4.485 -4.485
1.955 -4.255 -4.485
1.955 -4.485 -4.255
1.955 -4.255 -4.255
1.955 -4.025 -4.485
1.955 -3.795 -4.485
1.955 -4.025 -4.255
1.955 -3.795 -4.255
1.955 -4.485 -4.025
1.955 -4.255 -4.025
1.955 -4.485 -3.795
1.955 -4.255 -3.795
1.955 -4.025 -4.025
1.955 -3.795 -4.025
1.955 -4.025 -3.795
1.955 -3.795 -3.795
2.415 -3.335 -7.015
2.415 -2.875 -7.015
2.415 -3.565 -6.785
2.185 -2.875 -6.555
2.415 -2.645 -7.245
2.415 -1.955 -7.245
2.415 -2.185 -7.015
2.415 -2.645 -6.785
2.185 -3.335 -6.325
2.185 -3.565 -6.095
2.415 -3.565 -6.325
2.185 -2.875 -6.325
2.185 -3.105 -6.095
2.185 -2.875 -6.095
2.185 -3.565 -5.635
1.955 -3.335 -5.635
2.185 -3.105 -5.865
2.185 -2.875 -5.865
2.185 -2.645 -6.325
2.185 -2.415 -6.325
2.185 -2.415 -6.095
2.415 -2.645 -6.325
2.415 -2.415 -6.325
2.415 -2.645 -6.095
2.185 -2.185 -6.095
2.185 -1.955 -6.095
2.415 -1.955 -6.095
2.185 -2.415 -5.635
2.185 -2.185 -5.865
2.185 -2.185 -5.635
2.185 -1.955 -5.635
2.415 -1.725 -7.245
2.645 -1.725 -7.245
2.415 -1.495 -7.015
2.415 -1.265 -7.245
2.415 -1.035 -7.245
2.415 -1.035 -7.015
2.415 -1.725 -6.785
2.415 -1.495 -6.785
2.415 -1.725 -6.555
2.415 -1.495 -6.555
2.415 -1.265 -6.785
2.415 -0.805 -7.245
2.645 -0.805 -7.245
2.415 -0.575 -7.015
2.415 -0.575 -6.785
2.185 -1.495 -6.325
2.185 -1.495 -6.095
2.415 -1.725 -6.095
2.185 -1.265 -6.095
2.185 -1.725 -5.865
2.185 -1.495 -5.635
2.185 -1.265 -5.865
2.185 -1.265 -5.635
2.185 -1.035 -5.635
2.185 -0.575 -6.095
2.415 -0.345 -6.325
2.415 -0.115 -6.325
2.185 -0.805 -5.635
2.185 -0.575 -5.635
2.185 -0.345 -5.865
2.185 -0.345 -5.635
2.415 -0.345 -5.865
0.345 -2.875 -3.795
1.955 -3.565 -5.405
2.185 -3.565 -5.405
1.955 -3.335 -5.405
1.955 -3.565 -5.175
1.955 -3.335 -5.175
2.185 -3.105 -5.405
2.185 -2.875 -5.405
1.955 -2.875 -5.175
1.955 -3.565 -4.945
1.955 -3.335 -4.945
2.185 -3.335 -4.945
1.955 -3.565 -4.715
1.955 -3.105 -4.945
2.185 -3.105 -4.945
1.955 -2.875 -4.945
2.185 -2.875 -4.945
1.955 -3.105 -4.715
1.955 -2.875 -4.715
2.185 -2.645 -5.405
2.185 -2.645 -5.175
2.185 -2.415 -5.175
2.185 -1.955 -5.405
2.185 -2.185 -5.175
2.185 -1.955 -5.175
1.955 -2.645 -4.945
1.955 -2.415 -4.945
2.185 -2.415 -4.945
1.955 -2.645 -4.715
2.185 -2.185 -4.945
1.955 -1.955 -4.945
1.955 -2.185 -4.715
2.185 -2.185 -4.715
2.185 -1.955 -4.715
1.955 -3.565 -4.485
1.955 -3.335 -4.485
1.955 -3.565 -4.255
1.955 -3.335 -4.255
1.955 -3.105 -4.485
1.955 -2.875 -4.485
1.955 -3.105 -4.255
1.955 -2.875 -4.255
1.955 -3.565 -4.025
1.955 -3.335 -4.025
1.955 -3.565 -3.795
1.955 -3.335 -3.795
1.955 -3.105 -4.025
1.955 -2.875 -4.025
1.955 -3.105 -3.795
1.955 -2.875 -3.795
1.955 -2.645 -4.485
1.955 -2.415 -4.485
1.955 -2.645 -4.255
1.955 -2.415 -4.255
1.955 -2.185 -4.485
1.955 -1.955 -4.485
1.955 -2.185 -4.255
1.955 -2.645 -4.025
1.955 -2.415 -4.025
1.955 -2.645 -3.795
1.955 -2.415 -3.795
1.955 -2.185 -4.025
1.955 -1.955 -4.025
1.955 -2.185 -3.795
1.955 -1.955 -3.795
2.185 -1.725 -5.405
2.185 -1.725 -5.175
2.185 -1.495 -5.175
2.185 -1.265 -5.405
2.185 -1.035 -5.405
2.185 -1.265 -5.175
2.185 -1.725 -4.945
1.955 -1.725 -4.715
2.185 -1.725 -4.715
1.955 -1.495 -4.715
2.185 -1.495 -4.715
1.955 -1.265 -4.945
2.185 -1.265 -4.945
2.185 -1.035 -4.945
1.955 -1.035 -4.715
2.185 -0.805 -5.405
2.185 -0.805 -5.175
2.185 -0.345 -5.405
2.185 -0.805 -4.945
1.955 -1.495 -4.485
1.955 -1.725 -4.255
1.955 -1.495 -4.255
1.955 -1.265 -4.485
2.185 -1.265 -4.485
1.955 -1.725 -4.025
1.955 -1.495 -4.025
1.955 -1.725 -3.795
1.725 -5.635 -3.105
1.725 -5.635 -2.875
1.725 -5.635 -2.645
1.955 -5.865 -3.565
1.955 -5.635 -3.565
1.955 -5.635 -3.335
1.955 -5.635 -3.105
1.955 -5.635 -2.875
1.725 -5.175 -3.335
1.725 -4.715 -3.335
1.725 -5.405 -3.105
1.725 -5.175 -3.105
1.725 -5.405 -2.875
1.725 -5.175 -2.875
1.725 -4.945 -3.105
1.725 -4.715 -3.105
1.725 -4.715 -2.875
1.725 -4.485 -3.335
1.725 -4.255 -3.335
1.725 -4.025 -3.335
1.725 -3.795 -3.335
1.725 -4.485 -3.105
1.725 -4.255 -3.105
1.725 -4.485 -2.875
1.725 -4.255 -2.875
1.725 -4.025 -3.105
1.725 -3.795 -3.105
1.725 -4.025 -2.875
1.725 -3.795 -2.875
1.725 -5.405 -2.645
1.725 -5.175 -2.645
1.725 -4.945 -2.645
1.725 -4.715 -2.645
1.725 -4.485 -2.645
1.725 -4.255 -2.645
1.725 -4.025 -2.645
1.725 -3.795 -2.645
1.955 -5.405 -3.565
1.955 -5.175 -3.565
1.955 -5.405 -3.335
1.955 -5.175 -3.335
1.955 -4.945 -3.565
1.955 -4.715 -3.565
1.955 -4.945 -3.335
1.955 -4.715 -3.335
1.955 -5.175 -3.105
1.955 -4.945 -3.105
1.955 -4.715 -3.105
1.955 -4.485 -3.565
1.955 -4.255 -3.565
1.955 -4.485 -3.335
1.955 -4.025 -3.565
1.955 -3.795 -3.565
1.955 -4.025 -3.335
1.955 -3.795 -3.335
1.955 -4.485 -3.105
1.955 -3.795 -3.105
0.115 -5.175 -1.265
0.115 -5.175 -1.035
1.725 -3.565 -3.335
1.725 -3.335 -3.335
1.725 -3.105 -3.335
1.725 -2.875 -3.335
1.725 -3.565 -3.105
1.725 -3.335 -3.105
1.725 -3.565 -2.875
1.725 -3.335 -2.875
1.725 -3.105 -3.105
1.725 -2.875 -3.105
1.725 -3.105 -2.875
1.725 -2.875 -2.875
1.725 -2.645 -3.565
1.725 -2.645 -3.335
1.725 -2.415 -3.335
1.725 -2.645 -3.105
1.725 -2.415 -3.105
1.725 -2.645 -2.875
1.725 -2.415 -2.875
1.725 -3.565 -2.645
1.725 -3.335 -2.645
1.725 -3.565 -2.415
1.725 -3.105 -2.645
1.725 -2.875 -2.645
1.725 -3.105 -2.415
1.725 -2.875 -2.415
1.955 -3.565 -3.565
1.955 -3.335 -3.565
1.955 -3.565 -3.335
1.955 -3.335 -3.335
1.955 -3.105 -3.565
1.955 -2.875 -3.565
1.955 -3.105 -3.335
1.955 -3.565 -3.105
1.955 -3.335 -3.105
1.955 -3.565 -2.875
1.955 -3.105 -3.105
1.955 -2.645 -3.565
1.955 -2.415 -3.565
1.955 -2.645 -3.335
1.955 -2.415 -3.335
1.955 -2.185 -3.565
1.955 -1.955 -3.565
1.955 -2.185 -3.335
1.955 -2.645 -3.105
1.955 -2.415 -3.105
1.955 -2.645 -2.875
1.955 -2.415 -2.875
1.955 -2.185 -3.105
1.955 -1.725 -3.565
-1.265 0.575 -7.245
-1.265 0.575 -7.015
-0.345 0.805 -7.245
0.115 0.345 -8.395
1.035 0.115 -8.395
1.265 0.115 -8.395
1.725 0.345 -8.395
1.495 0.115 -8.165
2.185 0.115 -8.395
2.645 0.345 -7.475
2.415 0.575 -7.475
2.645 1.035 -7.705
2.415 0.115 -7.015
2.415 0.345 -7.015
2.415 0.345 -6.555
