-0.345 -1.265 -9.085
-0.345 -1.725 -8.395
-0.575 -0.575 -8.395
-0.345 -0.345 -8.625
-0.115 -0.115 -8.395
-0.115 -0.575 -7.935
-0.345 -0.345 -8.165
-0.345 -5.635 -4.255
-0.575 -3.565 -6.325
-0.115 -3.565 -3.795
-0.575 -3.795 -3.335
2.415 -6.785 -9.315
2.415 -5.405 -9.775
2.415 -5.175 -9.545
2.415 -5.405 -9.315
2.415 -5.175 -9.315
2.645 -4.945 -9.545
2.645 -4.485 -9.545
2.415 -3.795 -9.545
2.415 -3.795 -9.315
2.645 -7.015 -9.085
2.415 -7.015 -8.855
2.645 -6.785 -8.855
2.645 -6.555 -8.855
2.645 -6.785 -8.395
2.645 -6.325 -9.085
2.415 -5.865 -8.855
2.415 -5.635 -8.855
2.415 -6.555 -8.165
2.415 -7.015 -7.705
2.415 -6.555 -7.705
2.415 -6.095 -8.165
2.185 -5.865 -7.705
2.185 -5.635 -7.705
2.415 -5.405 -8.855
2.185 -4.945 -9.085
2.185 -4.715 -8.625
1.955 -4.945 -8.395
2.415 -5.405 -8.165
2.415 -5.175 -8.165
2.185 -4.945 -8.165
2.185 -4.715 -7.935
2.415 -4.715 -8.165
2.185 -5.405 -7.705
2.185 -5.175 -7.705
2.185 -5.175 -7.475
2.415 -5.405 -7.475
2.185 -4.945 -7.705
2.185 -4.485 -7.935
2.185 -4.485 -7.705
2.185 -4.255 -7.475
2.185 -4.025 -7.705
2.185 -3.795 -7.705
1.725 -2.185 -7.475
2.415 -3.335 -9.085
2.415 -2.875 -9.085
2.415 -3.335 -8.625
2.185 -3.105 -8.625
2.415 -2.645 -9.085
2.415 -2.415 -9.085
2.415 -2.185 -9.085
2.415 -2.185 -8.855
1.955 -1.955 -8.625
2.185 -1.955 -8.625
2.185 -3.565 -7.935
2.185 -3.105 -7.935
2.185 -2.875 -7.935
2.415 -3.105 -8.165
2.415 -3.335 -7.705
2.415 -3.565 -7.475
2.185 -2.875 -7.705
1.955 -1.955 -8.165
2.185 -1.955 -8.165
2.185 -1.955 -7.935
2.185 -2.645 -7.705
2.185 -2.415 -7.705
2.185 -2.645 -7.475
2.185 -2.185 -7.705
1.955 -1.955 -7.705
2.185 -2.185 -7.475
0.345 -1.495 -8.855
0.575 -1.495 -9.085
0.805 -1.495 -9.085
0.115 -1.265 -8.855
0.115 -1.035 -8.855
1.725 -1.495 -8.855
1.495 -1.035 -8.855
1.725 -1.725 -8.625
1.725 -1.035 -8.625
1.725 -1.035 -8.395
0.115 -0.805 -8.855
0.345 -0.805 -8.855
0.345 -0.575 -8.855
0.805 -0.805 -8.855
0.345 -0.575 -8.395
0.805 -0.575 -8.625
0.575 -0.575 -8.395
0.115 -0.115 -8.395
0.575 -0.345 -8.395
0.805 -0.345 -8.395
0.805 -0.115 -8.395
1.035 -0.805 -8.855
1.265 -0.805 -8.855
1.265 -0.575 -8.855
1.035 -0.575 -8.625
1.265 -0.345 -8.395
1.035 -0.115 -8.395
1.725 -1.495 -7.935
1.495 -1.265 -8.165
0.345 -0.805 -8.165
0.115 -0.575 -7.935
0.575 -0.805 -8.165
0.805 -0.805 -8.165
1.265 -0.345 -8.165
1.035 -0.115 -8.165
1.495 -0.345 -8.165
1.495 -0.115 -8.165
2.185 -1.725 -9.085
1.955 -1.725 -8.855
1.955 -1.495 -8.855
1.955 -1.035 -8.625
1.955 -1.265 -8.395
1.955 -1.035 -8.395
2.185 -1.725 -7.935
1.955 -1.495 -7.935
2.185 -1.495 -7.935
2.185 -1.035 -8.165
2.185 -1.035 -7.935
1.955 -1.495 -7.475
1.955 -0.805 -8.165
1.955 -0.805 -7.935
2.185 -0.115 -8.165
1.955 -0.805 -7.705
1.955 -0.575 -7.475
2.415 -6.555 -7.015
2.185 -6.785 -6.555
2.185 -6.095 -7.015
2.415 -6.325 -7.245
2.415 -6.325 -7.015
2.185 -5.865 -7.015
2.185 -5.635 -7.015
2.185 -6.325 -6.785
2.185 -6.095 -6.555
1.955 -5.865 -6.785
2.185 -5.635 -6.785
2.185 -5.865 -6.555
2.185 -5.635 -6.555
2.185 -6.785 -6.325
1.955 -6.555 -6.325
2.185 -6.555 -6.325
1.955 -6.555 -6.095
2.185 -6.555 -6.095
2.185 -6.785 -5.865
2.185 -6.325 -6.325
2.185 -6.095 -6.325
2.185 -6.325 -6.095
2.185 -5.865 -6.325
1.955 -5.635 -6.095
2.185 -5.635 -6.095
2.185 -6.095 -5.865
2.185 -6.325 -5.635
2.185 -6.095 -5.635
2.185 -5.865 -5.865
1.955 -5.635 -5.635
2.185 -5.175 -7.245
2.185 -5.405 -7.015
2.185 -4.715 -7.245
2.185 -4.945 -7.015
2.185 -4.715 -7.015
2.185 -5.405 -6.555
2.185 -4.945 -6.555
2.185 -4.025 -7.245
2.185 -4.025 -7.015
2.185 -3.795 -7.015
2.185 -4.255 -6.785
1.955 -4.485 -6.555
2.185 -3.795 -6.555
1.955 -5.405 -6.325
1.955 -5.175 -6.325
1.955 -5.405 -6.095
1.955 -4.715 -6.325
2.185 -4.945 -6.095
1.955 -5.175 -5.865
1.955 -5.405 -5.635
1.955 -5.175 -5.635
1.955 -4.945 -5.865
1.955 -4.715 -5.865
1.955 -4.945 -5.635
1.955 -4.485 -6.325
1.955 -4.255 -6.325
2.185 -4.255 -6.325
1.955 -4.485 -6.095
2.185 -4.485 -6.095
1.955 -4.255 -6.095
1.955 -4.025 -6.095
2.185 -3.795 -6.095
1.955 -4.255 -5.635
1.955 -4.025 -5.865
1.955 -3.795 -5.865
1.725 -5.635 -4.255
1.725 -6.095 -3.795
1.725 -5.865 -3.795
1.725 -5.635 -3.795
2.185 -6.555 -5.405
1.955 -6.555 -4.945
1.955 -6.325 -5.405
1.955 -6.095 -5.175
1.955 -5.865 -5.405
2.185 -5.865 -5.405
1.955 -5.635 -5.405
1.955 -5.635 -5.175
1.955 -6.325 -4.945
1.955 -6.325 -4.715
1.955 -6.095 -4.715
1.955 -5.865 -4.945
1.955 -5.635 -4.945
1.955 -5.865 -4.715
1.955 -5.635 -4.715
1.955 -6.325 -4.485
1.955 -6.095 -4.485
1.955 -6.325 -4.255
1.955 -6.095 -4.255
1.955 -5.865 -4.485
1.955 -5.635 -4.485
1.955 -5.865 -4.255
1.955 -5.635 -4.255
1.955 -6.095 -4.025
1.955 -6.095 -3.795
1.955 -5.865 -4.025
1.955 -5.635 -4.025
1.955 -5.635 -3.795
1.725 -3.795 -5.405
1.725 -5.175 -4.255
1.725 -4.945 -4.255
1.725 -5.175 -4.025
1.725 -5.405 -3.795
1.725 -5.175 -3.795
1.725 -4.945 -4.025
1.725 -4.715 -4.025
1.725 -4.945 -3.795
1.725 -4.715 -3.795
1.725 -4.255 -4.485
1.725 -4.485 -4.255
1.725 -4.255 -4.255
1.725 -3.795 -4.485
1.725 -3.795 -4.255
1.725 -4.485 -4.025
1.725 -4.255 -4.025
1.725 -4.485 -3.795
1.725 -4.255 -3.795
1.725 -4.025 -4.025
1.725 -3.795 -4.025
1.725 -4.025 -3.795
1.725 -3.795 -3.795
1.955 -5.405 -5.405
1.955 -5.175 -5.405
1.955 -5.405 -5.175
1.955 -5.175 -5.175
1.955 -4.945 -5.405
1.955 -4.715 -5.405
1.955 -4.945 -5.175
1.955 -4.715 -5.175
1.955 -5.405 -4.945
1.955 -5.175 -4.945
1.955 -5.405 -4.715
1.955 -5.175 -4.715
1.955 -4.945 -4.945
1.955 -4.715 -4.945
1.955 -4.945 -4.715
1.955 -4.715 -4.715
1.955 -4.485 -5.405
1.955 -4.255 -5.405
1.955 -4.485 -5.175
1.955 -4.255 -5.175
1.955 -4.025 -5.405
1.955 -3.795 -5.405
1.955 -4.025 -5.175
1.955 -3.795 -5.175
1.955 -4.485 -4.945
1.955 -4.255 -4.945
1.955 -4.485 -4.715
1.955 -4.255 -4.715
1.955 -4.025 -4.945
1.955 -3.795 -4.945
1.955 -4.025 -4.715
1.955 -5.405 -4.485
1.955 -5.175 -4.485
1.955 -5.405 -4.255
1.955 -5.175 -4.255
1.955 -4.945 -4.485
1.955 -4.715 -4.485
1.955 -4.945 -4.255
1.955 -5.405 -4.025
1.955 -5.175 -4.025
1.955 -5.405 -3.795
1.955 -4.485 -4.485
1.955 -4.255 -4.485
1.955 -4.255 -4.255
1.955 -4.025 -4.485
1.955 -4.025 -4.255
1.955 -3.795 -4.255
2.185 -3.565 -7.245
2.185 -3.105 -7.245
2.185 -2.875 -7.015
2.185 -3.335 -6.785
1.955 -3.105 -6.785
2.185 -2.875 -6.785
2.185 -2.645 -7.245
2.185 -2.415 -7.245
1.955 -2.185 -7.245
1.955 -1.955 -7.245
2.185 -2.185 -7.015
1.955 -1.955 -7.015
2.185 -2.645 -6.555
2.185 -2.415 -6.555
1.955 -2.185 -6.785
1.955 -2.185 -6.555
1.955 -1.955 -6.555
1.955 -3.565 -6.325
2.185 -3.565 -6.325
1.955 -3.335 -6.325
1.955 -3.105 -6.325
1.955 -2.875 -6.325
1.955 -3.105 -6.095
1.955 -2.875 -6.095
1.955 -3.565 -5.865
1.955 -3.335 -5.865
1.955 -2.875 -5.865
1.955 -2.875 -5.635
1.955 -2.185 -6.325
1.955 -1.955 -6.325
1.955 -2.185 -6.095
1.955 -1.955 -6.095
1.955 -2.415 -5.865
1.955 -2.185 -5.865
1.955 -1.955 -5.865
1.725 -1.035 -6.095
1.725 -1.725 -5.635
1.955 -1.725 -7.245
2.185 -1.495 -7.245
1.955 -1.265 -7.245
2.185 -1.265 -7.245
1.955 -1.035 -7.245
1.955 -1.265 -7.015
2.185 -1.265 -7.015
1.955 -1.035 -6.555
1.955 -0.805 -7.245
2.185 -0.805 -7.245
1.955 -0.575 -7.245
1.955 -0.575 -7.015
1.955 -0.115 -7.015
2.185 -0.115 -7.015
1.955 -0.805 -6.785
1.955 -0.575 -6.785
2.185 -0.805 -6.555
1.955 -0.115 -6.785
1.955 -0.345 -6.555
2.185 -0.345 -6.555
1.955 -1.725 -6.325
1.955 -1.265 -6.095
1.955 -1.035 -6.095
1.955 -1.265 -5.865
2.185 -1.265 -5.865
1.955 -1.035 -5.635
1.955 -0.805 -6.095
1.955 -0.805 -5.865
1.955 -0.805 -5.635
1.955 -0.345 -5.865
1.725 -3.565 -5.405
1.725 -3.565 -4.715
1.725 -3.335 -4.715
1.725 -3.105 -4.945
1.725 -2.875 -4.715
1.725 -2.185 -5.405
1.725 -1.955 -5.405
1.725 -1.955 -5.175
1.725 -2.645 -4.715
1.725 -2.415 -4.715
1.725 -2.185 -4.945
1.725 -1.955 -4.945
0.115 -3.565 -3.795
0.345 -3.565 -3.795
0.575 -3.565 -3.795
0.115 -3.105 -3.795
1.725 -3.565 -4.485
1.725 -3.335 -4.485
1.725 -3.565 -4.255
1.725 -3.335 -4.255
1.725 -3.105 -4.485
1.725 -2.875 -4.485
1.725 -3.105 -4.255
1.725 -2.875 -4.255
1.725 -3.565 -4.025
1.725 -3.335 -4.025
1.725 -3.565 -3.795
1.725 -3.335 -3.795
1.725 -3.105 -4.025
1.725 -2.875 -4.025
1.725 -3.105 -3.795
1.725 -2.875 -3.795
1.725 -2.645 -4.485
1.725 -2.645 -4.255
1.725 -2.415 -4.255
1.725 -2.185 -4.485
1.725 -1.955 -4.485
1.725 -2.185 -4.255
1.725 -1.955 -4.255
1.725 -2.645 -3.795
1.725 -2.415 -3.795
1.725 -2.185 -4.025
1.725 -1.955 -4.025
1.725 -2.185 -3.795
1.955 -3.335 -5.405
1.955 -3.565 -5.175
1.955 -3.335 -5.175
1.955 -3.105 -5.405
1.955 -3.105 -5.175
1.955 -2.875 -5.175
1.955 -3.565 -4.945
1.955 -3.335 -4.945
1.955 -3.565 -4.715
1.955 -3.105 -4.945
1.955 -2.415 -5.405
1.955 -2.645 -5.175
1.955 -2.185 -5.405
1.955 -1.955 -5.405
1.955 -2.185 -5.175
1.955 -1.955 -4.945
1.955 -3.565 -4.485
1.725 -1.495 -5.405
1.725 -1.265 -5.405
1.725 -1.265 -5.175
1.725 -1.725 -4.945
1.725 -1.495 -4.945
1.725 -1.725 -4.715
1.725 -1.035 -4.945
1.725 -0.805 -5.405
1.725 -1.495 -4.485
1.725 -1.725 -4.255
1.955 -1.495 -5.405
1.955 -1.725 -5.175
1.955 -1.035 -5.175
1.955 -1.035 -4.945
1.955 -1.265 -4.715
1.955 -0.805 -5.405
1.725 -6.095 -3.565
1.725 -6.095 -3.335
1.725 -5.865 -3.565
1.725 -5.635 -3.565
1.725 -5.865 -3.335
1.725 -5.635 -3.335
1.725 -6.095 -3.105
1.725 -5.865 -3.105
1.725 -5.635 -3.105
1.725 -5.865 -2.875
1.725 -5.635 -2.875
1.725 -5.635 -2.645
1.955 -6.095 -3.565
1.955 -5.865 -3.335
1.725 -5.405 -3.565
1.725 -5.175 -3.565
1.725 -5.405 -3.335
1.725 -5.175 -3.335
1.725 -4.945 -3.565
1.725 -4.715 -3.565
1.725 -4.945 -3.335
1.725 -4.715 -3.335
1.725 -5.405 -3.105
1.725 -5.175 -3.105
1.725 -5.405 -2.875
1.725 -5.175 -2.875
1.725 -4.945 -3.105
1.725 -4.715 -3.105
1.725 -4.945 -2.875
1.725 -4.715 -2.875
1.725 -4.485 -3.565
1.725 -4.255 -3.565
1.725 -4.485 -3.335
1.725 -4.255 -3.335
1.725 -4.025 -3.565
1.725 -3.795 -3.565
1.725 -4.025 -3.335
1.725 -3.795 -3.335
1.725 -4.485 -3.105
1.725 -4.255 -3.105
1.725 -4.485 -2.875
1.725 -4.255 -2.875
1.725 -4.025 -3.105
1.725 -3.795 -3.105
1.725 -4.025 -2.875
1.495 -3.795 -2.875
1.725 -3.795 -2.875
1.725 -5.405 -2.645
1.725 -5.175 -2.645
1.725 -4.945 -2.645
1.725 -4.715 -2.645
1.725 -4.485 -2.645
1.725 -4.255 -2.645
1.495 -4.255 -2.415
1.725 -4.255 -2.415
1.495 -4.025 -2.645
1.725 -4.025 -2.645
1.495 -3.795 -2.645
1.725 -3.795 -2.645
1.495 -4.025 -2.415
1.725 -4.025 -2.415
1.725 -3.795 -2.415
1.725 -3.565 -3.565
1.725 -3.335 -3.565
1.725 -3.565 -3.335
1.725 -3.335 -3.335
1.725 -3.105 -3.565
1.725 -2.875 -3.565
1.725 -3.105 -3.335
1.495 -2.875 -3.335
1.725 -2.875 -3.335
1.725 -3.565 -3.105
1.725 -3.335 -3.105
1.725 -3.565 -2.875
1.495 -3.335 -2.875
1.725 -3.335 -2.875
1.725 -3.105 -3.105
1.725 -2.875 -3.105
1.495 -3.105 -2.875
1.725 -3.105 -2.875
1.725 -2.875 -2.875
1.725 -2.645 -3.565
1.725 -2.415 -3.565
1.725 -2.645 -3.335
1.725 -2.415 -3.335
1.725 -2.185 -3.565
1.725 -2.645 -3.105
1.725 -2.645 -2.875
1.725 -3.565 -2.645
1.495 -3.335 -2.645
1.725 -3.335 -2.645
1.495 -3.565 -2.415
1.495 -3.335 -2.415
1.725 -3.335 -2.415
1.495 -3.105 -2.645
1.725 -3.105 -2.645
1.495 -2.875 -2.645
1.725 -3.105 -2.415
1.495 -3.565 -2.185
-1.725 0.575 -7.475
-0.805 0.345 -7.015
1.495 0.115 -8.395
1.955 0.115 -8.165
2.185 0.115 -8.165
2.185 0.115 -7.935
1.955 0.805 -7.475
2.185 0.805 -7.475
1.955 0.115 -7.245
2.185 0.115 -7.015
1.955 0.115 -6.785
1.955 0.345 -6.555
