-1.725 -4.715 -8.855
-1.725 -3.795 -8.625
-0.115 -4.255 -8.625
-0.115 -4.255 -8.395
-1.495 -4.025 -7.475
-0.575 -4.255 -8.165
-0.345 -4.255 -8.165
-0.345 -4.255 -7.935
-0.115 -4.255 -7.705
-0.805 -4.025 -7.475
-2.185 -1.725 -7.475
-0.575 -7.705 -2.875
-0.575 -7.935 -2.415
-0.575 -7.705 -2.645
-0.115 -7.705 -1.955
-0.345 -7.475 -1.955
-0.345 -7.475 -1.265
-0.805 -4.715 -6.555
-0.575 -4.715 -6.555
-0.575 -4.485 -7.245
-0.575 -4.485 -7.015
-0.805 -4.255 -7.015
-0.345 -4.485 -7.245
-0.115 -4.485 -7.245
-0.345 -4.485 -7.015
-0.575 -4.025 -7.015
-0.575 -4.485 -6.785
-0.805 -4.255 -6.785
-0.575 -4.255 -6.785
-0.345 -4.485 -6.785
-0.345 -4.485 -6.555
-0.345 -4.255 -6.785
-0.345 -4.255 -6.555
-0.115 -4.485 -6.785
-0.115 -4.485 -6.555
-0.115 -4.255 -6.785
-0.115 -4.255 -6.555
-0.575 -4.025 -6.785
-0.345 -4.025 -6.785
-0.345 -3.795 -6.785
-0.345 -4.025 -6.555
-0.115 -4.025 -6.555
-0.345 -3.795 -6.555
-0.115 -3.795 -6.555
-0.345 -3.795 -6.325
-0.115 -3.795 -6.325
-0.115 -3.795 -6.095
-0.115 -6.785 -3.795
-0.345 -4.255 -4.715
-1.955 -1.955 -7.245
-0.575 -3.105 -6.555
-0.575 -3.565 -6.325
-0.345 -3.565 -6.325
-0.115 -3.565 -6.325
-0.345 -3.335 -6.325
-0.115 -3.335 -6.325
-0.115 -3.565 -6.095
-0.115 -3.335 -6.095
-0.575 -3.105 -6.325
-0.575 -2.875 -6.325
-0.345 -3.105 -6.325
-0.115 -2.875 -6.325
-0.345 -3.105 -6.095
-0.115 -3.105 -6.095
-0.115 -2.875 -6.095
-0.115 -3.335 -5.865
-0.345 -3.105 -5.865
-0.115 -3.105 -5.865
-0.115 -3.105 -5.635
-0.115 -7.015 -2.415
-0.345 -6.555 -2.415
-0.115 -6.325 -2.645
-0.115 -5.865 -2.415
2.875 -9.775 -9.315
2.875 -8.855 -9.315
2.875 -7.935 -9.545
2.645 -9.545 -9.085
2.645 -9.545 -8.625
2.645 -9.315 -8.395
2.415 -9.315 -7.475
2.645 -8.855 -8.855
2.645 -8.625 -8.855
2.645 -8.625 -8.395
2.645 -8.395 -8.395
2.645 -8.165 -8.395
2.645 -9.085 -7.935
2.415 -8.855 -7.705
2.645 -8.855 -7.705
2.415 -9.085 -7.475
2.415 -8.855 -7.475
2.645 -8.625 -7.705
2.645 -8.395 -7.475
2.415 -7.935 -7.935
2.645 -7.935 -7.935
2.415 -7.705 -7.935
2.645 -8.165 -7.705
2.645 -7.935 -7.705
2.645 -7.705 -7.705
2.415 -7.475 -7.705
2.645 -6.785 -9.315
1.265 -5.175 -9.315
2.645 -7.245 -8.855
2.645 -7.015 -8.855
2.645 -7.015 -8.625
2.645 -6.555 -8.395
2.645 -6.325 -9.085
2.645 -5.635 -8.855
2.645 -7.015 -8.165
2.645 -7.015 -7.935
2.645 -6.785 -8.165
2.645 -6.555 -7.935
2.415 -7.245 -7.705
2.415 -7.245 -7.475
2.645 -6.785 -7.705
2.415 -6.555 -7.705
2.415 -6.555 -7.475
2.415 -6.095 -7.935
2.415 -5.635 -7.935
2.415 -6.325 -7.705
2.415 -5.635 -7.705
2.415 -5.635 -7.475
1.495 -4.715 -9.085
1.495 -5.405 -8.395
0.115 -4.025 -9.085
0.345 -4.025 -9.085
0.115 -4.025 -8.855
0.805 -3.795 -8.855
0.115 -4.255 -8.395
0.115 -4.025 -8.625
0.345 -4.025 -8.625
0.575 -4.025 -8.625
0.575 -4.025 -8.395
1.035 -4.025 -8.625
1.035 -4.025 -8.395
1.265 -4.025 -8.395
0.115 -4.255 -7.935
0.345 -4.255 -7.935
0.805 -4.255 -7.935
0.805 -4.025 -8.165
0.115 -4.255 -7.705
0.345 -4.255 -7.705
0.115 -4.255 -7.475
0.345 -4.255 -7.475
0.575 -4.255 -7.705
0.575 -4.255 -7.475
0.805 -4.255 -7.475
0.805 -4.025 -7.705
1.265 -4.255 -8.165
1.035 -4.025 -8.165
1.265 -4.025 -8.165
1.495 -4.025 -8.165
1.725 -4.025 -8.165
1.725 -4.025 -7.935
1.035 -4.255 -7.475
1.495 -4.255 -7.705
1.035 -4.025 -7.705
2.645 -5.405 -9.085
2.645 -4.945 -8.855
2.645 -4.715 -8.855
2.415 -4.945 -8.625
2.645 -4.485 -8.395
2.645 -4.255 -8.395
1.955 -3.795 -8.625
2.185 -4.025 -8.395
1.955 -3.795 -8.395
2.415 -4.025 -8.625
2.645 -4.025 -8.625
2.415 -5.405 -8.165
2.415 -5.175 -7.935
2.415 -5.405 -7.705
2.415 -5.405 -7.475
2.415 -5.175 -7.475
2.415 -4.945 -7.705
2.415 -4.715 -7.475
2.185 -4.255 -7.935
2.415 -4.255 -7.935
1.955 -4.255 -7.705
2.415 -4.485 -7.705
2.415 -4.255 -7.705
2.415 -9.315 -7.015
2.415 -9.315 -6.785
2.415 -9.315 -6.555
2.415 -9.315 -6.325
2.415 -9.085 -7.245
2.645 -9.085 -7.245
2.645 -9.085 -7.015
2.645 -8.395 -7.245
2.415 -8.625 -7.015
2.415 -9.085 -6.785
2.415 -8.855 -6.555
2.415 -8.395 -6.555
2.645 -7.935 -7.245
2.415 -8.165 -7.015
2.415 -7.475 -7.015
2.415 -8.165 -6.785
2.415 -8.165 -6.555
2.415 -7.935 -6.555
2.415 -7.705 -6.555
2.415 -9.085 -6.325
2.645 -9.085 -6.325
2.415 -8.855 -6.325
2.415 -8.625 -6.325
2.415 -8.855 -5.865
2.415 -8.625 -5.865
2.415 -8.395 -5.865
2.415 -8.625 -5.635
2.415 -8.395 -5.635
2.415 -7.935 -6.325
2.415 -8.165 -6.095
2.415 -7.935 -6.095
2.185 -7.705 -6.325
2.185 -7.475 -6.325
2.185 -7.705 -6.095
2.415 -7.705 -6.095
2.415 -7.475 -6.095
2.185 -8.165 -5.635
2.415 -7.935 -5.865
2.415 -8.165 -5.635
2.185 -7.475 -5.865
2.185 -7.705 -5.635
2.415 -7.475 -5.865
2.185 -8.855 -5.405
2.185 -8.625 -5.405
2.185 -8.395 -5.175
2.415 -8.395 -5.405
2.185 -8.855 -4.945
2.185 -8.855 -4.715
2.185 -8.625 -4.945
2.185 -8.395 -4.945
2.185 -8.625 -4.715
2.185 -8.395 -4.715
2.185 -8.165 -5.405
2.185 -8.165 -5.175
2.185 -7.935 -5.175
2.185 -7.705 -5.405
2.185 -7.475 -5.405
2.185 -7.705 -5.175
2.185 -7.475 -5.175
2.185 -8.165 -4.715
2.185 -7.935 -4.715
2.185 -7.705 -4.945
2.185 -7.475 -4.945
1.955 -7.705 -4.715
2.185 -7.705 -4.715
2.185 -8.855 -4.255
2.185 -8.625 -4.485
1.955 -8.625 -4.255
2.185 -8.625 -4.255
1.955 -8.395 -4.255
1.955 -8.625 -4.025
2.185 -8.625 -4.025
1.955 -8.395 -4.025
1.955 -8.625 -3.795
1.955 -8.395 -3.795
2.185 -8.165 -4.485
1.955 -7.935 -4.485
1.955 -8.165 -4.255
2.185 -8.165 -4.255
1.955 -7.935 -4.255
1.955 -7.705 -4.485
2.185 -7.705 -4.485
2.185 -7.475 -4.485
1.955 -7.475 -4.255
2.185 -7.475 -4.255
1.955 -8.165 -4.025
1.955 -7.935 -4.025
1.955 -8.165 -3.795
1.955 -7.935 -3.795
1.955 -7.705 -4.025
1.955 -7.475 -4.025
1.955 -7.705 -3.795
1.955 -7.475 -3.795
1.725 -8.165 -2.875
1.725 -7.705 -2.875
1.725 -8.395 -2.645
1.725 -8.395 -2.415
0.345 -8.165 -2.415
1.725 -8.165 -2.645
1.725 -7.935 -2.645
1.725 -8.165 -2.415
1.725 -7.935 -2.415
1.725 -7.705 -2.645
1.725 -7.475 -2.645
1.725 -7.705 -2.415
1.725 -7.475 -2.415
1.955 -8.625 -3.565
1.955 -8.395 -3.565
1.955 -8.625 -3.335
1.955 -8.395 -3.335
1.955 -8.395 -3.105
1.955 -8.625 -2.875
1.955 -8.395 -2.875
1.955 -8.165 -3.565
1.955 -7.935 -3.565
1.955 -8.165 -3.335
1.955 -7.935 -3.335
1.955 -7.705 -3.565
1.955 -7.475 -3.565
1.955 -7.705 -3.335
1.955 -7.475 -3.335
1.955 -8.165 -3.105
1.955 -7.935 -3.105
1.955 -8.165 -2.875
1.955 -7.935 -2.875
1.955 -7.705 -3.105
1.955 -7.475 -3.105
1.955 -7.705 -2.875
1.955 -7.475 -2.875
1.955 -8.395 -2.645
1.955 -8.165 -2.645
1.955 -7.935 -2.645
1.955 -7.705 -2.645
1.955 -7.475 -2.645
0.115 -7.935 -1.725
2.645 -7.015 -7.245
2.415 -6.555 -7.245
2.415 -6.785 -7.015
2.415 -7.245 -6.785
2.415 -6.785 -6.785
2.415 -6.785 -6.555
2.415 -6.555 -6.555
2.415 -6.325 -7.015
2.415 -6.095 -7.015
2.415 -5.865 -7.015
2.415 -5.635 -7.015
2.185 -6.325 -6.785
2.185 -5.865 -6.785
2.185 -7.245 -6.325
2.415 -7.245 -6.325
2.415 -7.015 -6.325
2.415 -7.245 -6.095
2.185 -6.555 -6.325
2.415 -6.785 -6.325
2.415 -6.555 -6.095
2.415 -7.245 -5.865
2.415 -7.245 -5.635
2.415 -6.785 -5.865
2.415 -6.555 -5.865
2.185 -6.325 -6.325
2.185 -6.095 -6.325
2.185 -6.095 -6.095
2.415 -6.325 -6.325
2.415 -6.325 -6.095
2.185 -5.635 -6.325
2.185 -5.865 -6.095
2.185 -5.635 -6.095
2.185 -6.325 -5.865
2.185 -6.095 -5.865
2.185 -6.095 -5.635
2.415 -6.325 -5.865
2.185 -5.865 -5.865
2.185 -5.635 -5.865
2.185 -5.865 -5.635
0.345 -4.715 -6.555
0.575 -4.715 -6.555
0.115 -4.485 -6.785
0.345 -4.485 -6.785
0.115 -4.485 -6.555
0.345 -4.485 -6.555
0.115 -4.255 -6.555
0.345 -4.255 -6.555
0.805 -4.485 -6.785
0.575 -4.485 -6.555
0.805 -4.485 -6.555
0.575 -4.255 -6.555
0.805 -4.255 -6.555
0.115 -4.025 -6.555
0.345 -4.025 -6.555
0.575 -4.025 -6.555
1.265 -4.255 -7.245
1.035 -4.255 -7.015
1.265 -4.255 -7.015
1.495 -4.255 -7.245
1.725 -4.255 -7.245
1.495 -4.255 -7.015
1.265 -4.255 -6.785
1.035 -4.485 -6.555
1.265 -4.485 -6.555
1.035 -4.255 -6.555
1.495 -4.255 -6.785
1.725 -4.255 -6.785
1.495 -4.485 -6.555
1.495 -4.255 -6.555
1.265 -4.025 -6.555
1.495 -4.025 -6.785
1.725 -4.025 -6.785
1.725 -3.795 -6.555
0.575 -4.715 -6.325
0.115 -4.255 -6.325
0.805 -4.255 -6.325
0.115 -4.025 -6.325
0.345 -4.025 -6.325
0.115 -3.795 -6.325
0.345 -3.795 -6.325
0.575 -4.025 -6.325
0.805 -4.025 -6.325
0.575 -3.795 -6.325
0.805 -3.795 -6.325
0.805 -4.025 -6.095
1.265 -4.485 -6.325
1.035 -4.255 -6.325
1.495 -4.255 -6.325
1.495 -4.485 -6.095
1.495 -4.255 -6.095
1.725 -4.255 -6.095
1.035 -4.025 -6.325
1.265 -4.025 -6.325
1.035 -3.795 -6.325
1.265 -3.795 -6.325
1.035 -4.025 -6.095
1.035 -3.795 -6.095
1.265 -3.795 -6.095
1.495 -4.025 -6.325
1.495 -3.795 -6.325
1.725 -3.795 -6.325
1.495 -4.025 -6.095
1.725 -4.025 -6.095
1.495 -3.795 -6.095
1.725 -4.255 -5.865
2.415 -5.405 -7.015
2.415 -4.945 -7.245
2.415 -5.175 -6.785
2.415 -5.405 -6.555
2.415 -5.175 -6.555
2.415 -4.715 -6.555
1.955 -4.255 -7.245
2.185 -4.255 -7.245
2.185 -4.485 -7.015
1.955 -4.255 -7.015
2.415 -4.485 -7.245
2.415 -4.485 -7.015
2.185 -4.485 -6.785
1.955 -4.255 -6.785
1.955 -4.485 -6.555
2.185 -4.485 -6.555
1.955 -4.255 -6.555
2.185 -4.255 -6.555
2.415 -4.485 -6.555
1.955 -3.795 -6.555
2.415 -4.025 -6.785
2.185 -5.405 -6.095
2.415 -5.175 -6.325
2.415 -5.405 -6.095
2.185 -4.945 -6.325
2.185 -5.175 -5.865
2.185 -5.405 -5.635
2.185 -5.175 -5.635
2.185 -4.945 -5.865
2.185 -4.715 -5.865
1.955 -4.485 -6.325
2.185 -4.255 -6.325
1.955 -4.485 -6.095
2.185 -4.485 -6.095
1.955 -4.255 -6.095
2.415 -4.255 -6.325
1.955 -4.025 -6.325
2.185 -4.025 -6.325
2.185 -3.795 -6.325
1.955 -4.025 -6.095
2.185 -3.795 -6.095
1.955 -4.255 -5.865
2.185 -4.255 -5.865
2.185 -4.025 -5.865
2.185 -3.795 -5.865
2.185 -7.015 -5.405
2.185 -7.245 -5.175
2.185 -7.015 -5.175
2.185 -6.555 -5.405
2.185 -6.785 -5.175
2.185 -6.555 -5.175
2.185 -7.015 -4.945
2.185 -7.245 -4.715
2.185 -7.015 -4.715
2.185 -6.785 -4.945
1.955 -6.555 -4.945
2.185 -6.555 -4.945
2.185 -6.785 -4.715
2.185 -6.555 -4.715
2.185 -6.325 -5.405
2.185 -6.095 -5.405
2.185 -6.325 -5.175
2.185 -6.095 -5.175
2.185 -5.865 -5.405
2.185 -5.865 -5.175
2.185 -5.635 -5.175
2.185 -6.325 -4.945
2.185 -6.095 -4.945
2.185 -6.325 -4.715
2.185 -5.865 -4.945
1.955 -5.865 -4.715
1.955 -5.635 -4.715
2.185 -7.245 -4.485
1.955 -7.015 -4.485
2.185 -7.015 -4.485
1.955 -7.245 -4.255
2.185 -7.245 -4.255
1.955 -7.015 -4.255
1.955 -6.785 -4.485
2.185 -6.555 -4.485
1.955 -6.785 -4.255
1.955 -6.555 -4.255
2.185 -6.555 -4.255
1.955 -7.245 -4.025
1.955 -7.015 -4.025
1.955 -7.245 -3.795
1.955 -7.015 -3.795
1.955 -6.785 -4.025
1.955 -6.555 -4.025
2.185 -6.555 -4.025
1.955 -6.785 -3.795
1.955 -6.555 -3.795
1.955 -6.325 -4.485
2.185 -6.325 -4.485
1.955 -6.095 -4.485
2.185 -6.095 -4.485
1.955 -6.325 -4.255
1.955 -5.865 -4.485
1.955 -5.635 -4.485
1.955 -5.865 -4.255
2.185 -5.865 -4.255
1.955 -5.635 -4.255
1.955 -6.325 -4.025
1.955 -6.095 -4.025
1.955 -6.325 -3.795
1.955 -6.095 -3.795
1.955 -5.865 -4.025
1.955 -5.635 -4.025
1.955 -5.865 -3.795
1.955 -5.635 -3.795
2.185 -5.405 -5.405
2.185 -5.175 -5.405
2.185 -5.405 -5.175
2.185 -5.175 -5.175
2.185 -4.945 -5.405
2.185 -4.715 -5.405
2.185 -5.405 -4.945
1.955 -5.175 -4.945
2.185 -5.175 -4.945
2.185 -5.405 -4.715
1.955 -5.175 -4.715
2.185 -5.175 -4.715
1.955 -4.945 -4.945
1.955 -4.945 -4.715
2.185 -4.945 -4.715
2.185 -4.715 -4.715
2.185 -4.485 -5.405
2.185 -4.255 -5.405
2.185 -4.485 -5.175
2.185 -4.255 -5.175
2.185 -4.025 -5.405
2.185 -3.795 -5.405
2.185 -4.025 -5.175
1.955 -4.485 -4.715
1.955 -4.255 -4.715
2.185 -4.255 -4.715
1.955 -3.795 -4.945
1.955 -4.025 -4.715
1.955 -3.795 -4.715
1.955 -5.175 -4.485
2.185 -5.175 -4.485
1.955 -5.405 -4.255
1.955 -5.175 -4.255
1.955 -4.945 -4.485
1.955 -4.715 -4.485
1.955 -4.945 -4.255
1.955 -4.715 -4.255
1.955 -5.405 -4.025
1.955 -5.175 -4.025
1.955 -5.405 -3.795
1.955 -5.175 -3.795
1.955 -4.945 -4.025
1.955 -4.715 -4.025
1.955 -4.945 -3.795
1.955 -4.715 -3.795
1.955 -4.255 -4.485
1.955 -4.485 -4.255
1.955 -4.025 -4.485
1.955 -4.025 -4.255
1.955 -4.485 -4.025
1.955 -4.255 -4.025
1.955 -4.485 -3.795
0.115 -3.105 -6.555
1.725 -3.565 -6.555
1.725 -3.335 -6.555
1.035 -2.645 -6.555
0.115 -3.565 -6.325
0.115 -3.335 -6.325
0.345 -3.335 -6.325
0.345 -3.565 -6.095
0.115 -3.335 -6.095
0.345 -3.335 -6.095
0.575 -3.335 -6.325
0.805 -3.335 -6.325
0.575 -3.565 -6.095
0.805 -3.565 -6.095
0.575 -3.335 -6.095
0.805 -3.335 -6.095
0.115 -3.105 -6.325
0.345 -3.105 -6.325
0.115 -2.875 -6.325
0.345 -2.875 -6.325
0.115 -3.105 -6.095
0.345 -3.105 -6.095
0.345 -2.875 -6.095
0.805 -3.105 -6.325
0.805 -2.875 -6.325
0.575 -3.105 -6.095
0.805 -3.105 -6.095
0.575 -2.875 -6.095
0.805 -3.105 -5.865
1.265 -3.565 -6.325
1.035 -3.335 -6.325
1.265 -3.335 -6.325
1.035 -3.565 -6.095
1.265 -3.565 -6.095
1.035 -3.335 -6.095
1.265 -3.335 -6.095
1.725 -3.565 -6.325
1.495 -3.335 -6.325
1.725 -3.335 -6.325
1.495 -3.565 -6.095
1.725 -3.565 -6.095
1.495 -3.335 -6.095
1.035 -3.105 -6.325
1.265 -3.105 -6.325
1.035 -2.875 -6.325
1.035 -3.105 -6.095
1.265 -3.105 -6.095
1.035 -2.875 -6.095
1.265 -2.875 -6.095
1.495 -3.105 -6.325
1.725 -3.105 -6.325
1.495 -3.105 -6.095
1.725 -3.335 -5.865
1.725 -3.335 -5.635
1.265 -3.105 -5.865
1.725 -3.105 -5.865
1.495 -2.875 -5.865
1.495 -2.875 -5.635
1.495 -2.415 -6.325
1.725 -2.415 -6.095
1.495 -2.645 -5.865
1.725 -2.645 -5.865
1.955 -3.335 -6.785
2.185 -3.335 -6.785
2.415 -3.565 -6.555
2.185 -3.565 -6.325
1.955 -3.565 -6.095
2.185 -3.565 -6.095
2.185 -3.335 -6.095
1.955 -3.105 -6.325
2.185 -3.105 -6.095
1.955 -3.565 -5.865
2.185 -3.565 -5.865
1.955 -3.335 -5.865
2.185 -3.335 -5.865
2.185 -3.565 -5.635
1.955 -3.105 -5.865
2.185 -3.105 -5.865
2.185 -2.875 -5.865
2.185 -2.875 -5.635
2.185 -2.415 -6.325
2.185 -2.645 -6.095
1.955 -2.415 -6.095
1.955 -2.645 -5.865
2.185 -2.645 -5.635
2.185 -3.335 -5.405
2.185 -3.565 -5.175
2.185 -3.335 -5.175
2.185 -3.105 -5.405
1.955 -3.565 -4.945
2.185 -3.565 -4.715
1.725 -7.245 -2.875
1.725 -7.015 -2.875
1.725 -6.785 -3.105
1.725 -6.555 -3.105
1.725 -6.785 -2.875
1.725 -6.555 -2.875
1.725 -6.325 -3.335
1.725 -6.325 -2.875
1.725 -6.095 -2.875
1.725 -5.635 -3.105
1.725 -5.865 -2.875
1.725 -5.635 -2.875
1.725 -7.245 -2.645
1.725 -7.015 -2.645
1.725 -7.245 -2.415
1.725 -7.015 -2.415
1.725 -6.785 -2.645
1.725 -6.555 -2.645
1.725 -6.785 -2.415
1.725 -6.555 -2.415
0.115 -5.865 -2.415
0.345 -5.865 -2.415
0.575 -5.865 -2.415
1.725 -6.325 -2.645
1.725 -6.095 -2.645
1.725 -6.325 -2.415
1.725 -6.095 -2.415
1.725 -5.865 -2.645
1.725 -5.635 -2.645
1.725 -5.865 -2.415
1.725 -5.635 -2.415
1.725 -6.325 -2.185
1.725 -6.095 -2.185
1.725 -5.865 -2.185
1.955 -7.245 -3.565
1.955 -7.015 -3.565
1.955 -7.245 -3.335
1.955 -7.015 -3.335
1.955 -6.785 -3.565
1.955 -6.555 -3.565
1.955 -6.785 -3.335
1.955 -6.555 -3.335
1.955 -7.245 -3.105
1.955 -7.015 -3.105
1.955 -7.245 -2.875
1.955 -7.015 -2.875
1.955 -6.785 -3.105
1.955 -6.555 -3.105
1.955 -6.785 -2.875
1.955 -6.555 -2.875
1.955 -6.325 -3.565
1.955 -6.095 -3.565
1.955 -6.325 -3.335
1.955 -6.095 -3.335
1.955 -5.865 -3.565
1.955 -5.635 -3.565
1.955 -5.865 -3.335
1.955 -5.635 -3.335
1.955 -6.325 -3.105
1.955 -6.095 -3.105
1.955 -6.325 -2.875
1.955 -6.095 -2.875
1.955 -5.865 -3.105
1.955 -5.635 -3.105
1.955 -5.865 -2.875
1.955 -5.635 -2.875
1.955 -7.015 -2.645
1.955 -6.785 -2.645
1.955 -6.555 -2.645
1.955 -6.785 -2.415
1.955 -6.325 -2.645
1.955 -5.865 -2.645
1.955 -5.635 -2.645
1.955 -5.635 -2.415
1.725 -4.715 -3.565
1.725 -5.405 -2.875
1.725 -5.405 -2.645
1.955 -5.405 -3.565
1.955 -5.175 -3.565
1.955 -5.405 -3.335
1.955 -5.175 -3.335
1.955 -4.945 -3.565
1.955 -4.715 -3.565
1.955 -4.945 -3.335
1.955 -4.715 -3.335
1.955 -5.405 -3.105
1.955 -5.175 -3.105
1.955 -5.405 -2.875
1.955 -4.945 -3.105
1.955 -4.485 -3.565
1.955 -5.405 -2.645
