-0.575 -10.925 -9.545
-0.805 -9.775 -9.545
-0.115 -10.465 -8.625
-2.645 -7.705 -7.935
-2.185 -7.705 -8.165
-0.575 -7.705 -9.085
-0.115 -8.855 -7.935
-0.575 -8.855 -7.705
-0.345 -8.855 -7.475
-1.955 -7.245 -8.395
-2.185 -6.785 -8.395
-2.645 -6.785 -8.165
-2.415 -6.785 -7.935
-2.185 -6.785 -8.165
-2.185 -6.785 -7.935
-2.645 -5.865 -7.705
-1.495 -7.245 -8.855
-0.575 -6.785 -8.625
-0.345 -6.785 -8.395
-0.115 -6.555 -8.395
-0.575 -6.325 -8.395
-0.805 -6.095 -8.395
-1.035 -6.785 -7.935
-0.345 -7.015 -8.165
-0.115 -7.015 -8.165
-0.115 -7.245 -7.935
-0.345 -7.015 -7.935
-0.115 -6.555 -7.935
-0.345 -7.015 -7.705
-0.115 -7.015 -7.705
-0.115 -7.245 -7.475
-0.345 -7.015 -7.475
-0.115 -6.785 -7.705
-0.115 -6.785 -7.475
-1.495 -5.865 -8.165
-1.035 -11.615 -4.715
-1.955 -7.935 -7.245
-0.575 -7.475 -5.405
-0.805 -7.475 -5.175
-0.575 -7.475 -5.175
-0.345 -7.475 -5.175
-0.115 -7.475 -5.175
-0.575 -7.475 -4.945
-0.805 -7.705 -4.715
-0.575 -7.475 -4.715
-0.345 -7.475 -4.945
-0.115 -7.475 -4.945
-0.345 -7.475 -4.715
-0.115 -7.475 -4.715
-0.805 -7.705 -4.485
-0.575 -7.705 -4.485
-0.575 -7.475 -4.485
-0.805 -7.705 -4.255
-0.575 -7.705 -4.255
-0.345 -7.705 -4.485
-0.115 -7.705 -4.485
-0.115 -7.475 -4.485
-0.345 -7.705 -4.255
-0.345 -7.475 -4.255
-0.115 -7.475 -4.255
-0.805 -7.935 -4.025
-0.805 -7.705 -4.025
-0.575 -7.705 -4.025
-0.805 -7.705 -3.795
-0.575 -7.705 -3.795
-0.345 -7.705 -4.025
-0.115 -7.705 -4.025
-0.115 -7.475 -4.025
-0.345 -7.705 -3.795
-0.115 -7.705 -3.795
-0.345 -9.775 -2.875
-0.345 -9.775 -2.185
-0.345 -10.005 -1.955
-0.115 -9.775 -1.955
-0.345 -9.315 -1.955
-0.805 -8.165 -3.565
-0.805 -7.935 -3.565
-0.805 -8.165 -3.335
-0.345 -7.935 -3.335
-0.115 -7.935 -3.335
-0.805 -7.705 -3.565
-0.575 -7.705 -3.565
-0.805 -7.705 -3.335
-0.575 -7.705 -3.335
-0.345 -7.705 -3.565
-0.115 -7.705 -3.565
-0.345 -7.705 -3.335
-0.115 -7.705 -3.335
-0.115 -10.695 -1.265
-0.345 -7.015 -7.245
-0.115 -7.015 -7.245
-0.575 -6.785 -7.015
-0.345 -6.785 -7.245
-0.115 -7.015 -6.785
-0.345 -7.245 -6.555
-0.345 -7.015 -6.555
-0.115 -7.015 -6.555
-1.265 -7.015 -6.325
-1.035 -7.245 -5.635
-0.805 -7.245 -6.095
-0.575 -7.245 -6.095
-0.115 -7.245 -6.325
-0.115 -7.015 -6.325
-0.345 -7.245 -6.095
-0.115 -7.245 -6.095
-0.805 -7.245 -5.865
-0.575 -7.245 -5.635
-0.345 -7.245 -5.865
-0.115 -7.245 -5.865
-0.345 -7.245 -5.635
-0.345 -7.245 -5.405
-0.115 -7.245 -5.405
1.265 -12.535 -9.315
1.495 -12.305 -9.315
0.805 -11.155 -9.545
2.875 -11.155 -9.315
0.115 -11.615 -8.625
3.105 -12.765 -9.085
3.105 -12.075 -8.855
2.875 -12.535 -8.395
2.875 -12.075 -8.625
2.645 -11.155 -8.395
2.875 -11.845 -8.395
2.875 -11.385 -8.625
2.645 -11.385 -7.705
2.645 -11.155 -7.705
2.875 -11.615 -7.935
0.575 -10.005 -9.545
1.265 -9.775 -9.545
3.105 -10.925 -9.315
0.575 -10.235 -8.625
2.645 -10.925 -8.395
2.645 -10.235 -8.625
2.645 -10.235 -8.395
2.875 -10.465 -9.085
2.875 -10.465 -8.625
2.875 -10.235 -8.395
2.645 -10.005 -8.625
2.645 -10.005 -8.395
2.645 -9.775 -8.395
2.645 -9.545 -8.395
2.645 -9.315 -8.395
2.875 -9.545 -9.085
2.645 -10.465 -7.935
2.645 -10.235 -7.935
2.645 -10.695 -7.705
2.645 -10.925 -7.475
2.645 -9.775 -8.165
2.645 -9.775 -7.935
2.645 -10.005 -7.705
2.645 -9.775 -7.705
2.645 -9.775 -7.475
2.645 -9.545 -7.475
2.645 -9.315 -7.475
2.875 -10.005 -7.935
0.805 -8.625 -8.395
1.725 -7.475 -9.085
1.265 -7.705 -8.625
1.265 -7.705 -8.395
1.725 -7.475 -8.395
0.805 -8.625 -8.165
0.805 -7.475 -7.935
0.345 -7.705 -7.475
1.495 -7.935 -7.935
1.495 -7.705 -7.935
1.265 -7.935 -7.475
2.645 -8.395 -9.085
2.645 -8.625 -8.855
2.645 -8.855 -8.395
2.875 -8.855 -9.085
2.875 -9.085 -8.395
1.955 -7.475 -8.625
2.875 -7.935 -8.395
2.875 -7.705 -8.625
2.875 -7.475 -8.395
2.645 -9.085 -8.165
2.645 -8.855 -7.935
2.645 -8.625 -8.165
2.645 -8.625 -7.935
2.645 -9.085 -7.475
2.645 -8.625 -7.705
2.875 -8.855 -7.935
2.645 -8.165 -7.705
2.645 -7.705 -7.475
2.645 -7.475 -7.475
2.875 -7.935 -7.935
2.875 -7.475 -7.935
0.345 -7.015 -8.625
0.345 -6.555 -8.625
0.345 -6.785 -8.395
0.345 -6.555 -8.395
0.805 -6.555 -8.395
1.495 -7.245 -8.625
1.265 -6.555 -8.625
1.035 -6.555 -8.395
1.265 -6.555 -8.395
1.725 -6.555 -8.625
1.495 -6.555 -8.395
1.725 -6.555 -8.395
0.575 -6.325 -8.625
0.805 -6.325 -8.625
0.115 -6.555 -8.165
0.115 -6.785 -7.935
0.345 -6.785 -7.935
0.575 -6.785 -8.165
0.575 -6.555 -8.165
0.115 -7.015 -7.705
0.575 -6.785 -7.705
1.035 -7.245 -7.935
1.495 -6.555 -8.165
1.035 -7.245 -7.475
1.265 -7.245 -7.475
1.495 -7.245 -7.705
1.035 -6.785 -7.705
1.265 -6.785 -7.705
1.725 -6.555 -7.705
1.495 -6.785 -7.475
1.725 -6.785 -7.475
1.265 -6.325 -8.165
1.955 -7.245 -8.855
1.955 -7.245 -8.625
2.185 -6.785 -8.395
2.185 -6.325 -8.395
2.645 -7.245 -8.165
2.645 -7.015 -8.165
2.415 -7.015 -7.935
2.185 -6.785 -8.165
2.185 -6.555 -7.935
2.415 -6.785 -8.165
2.185 -7.015 -7.475
2.645 -7.015 -7.705
2.645 -7.245 -7.475
2.415 -7.015 -7.475
2.185 -6.555 -7.705
0.115 -11.385 -6.785
1.265 -11.845 -6.095
2.645 -11.155 -7.015
2.645 -11.845 -6.785
2.645 -11.615 -6.555
2.645 -11.385 -6.555
2.415 -12.075 -6.325
2.645 -12.075 -6.095
2.415 -12.075 -5.865
2.415 -12.075 -5.635
2.415 -11.845 -6.325
2.645 -11.845 -6.325
2.415 -11.845 -6.095
2.415 -11.615 -6.095
2.645 -11.615 -6.095
2.415 -11.385 -6.325
2.645 -11.385 -6.095
2.415 -11.155 -6.095
2.415 -11.845 -5.865
2.415 -11.615 -5.865
2.645 -11.615 -5.865
2.415 -11.845 -5.635
2.415 -11.155 -5.865
0.575 -11.385 -3.795
2.415 -11.615 -5.405
2.415 -11.845 -5.175
2.415 -11.385 -5.405
2.415 -11.155 -5.405
2.415 -11.385 -5.175
2.415 -11.155 -5.175
2.185 -11.615 -4.715
2.415 -11.845 -4.945
2.415 -11.845 -4.715
2.185 -11.385 -4.945
2.185 -11.155 -4.945
2.185 -11.155 -4.715
2.415 -11.385 -4.945
2.415 -11.155 -4.715
2.185 -11.615 -4.255
2.415 -11.845 -4.485
2.415 -11.615 -4.485
2.185 -11.385 -4.485
2.185 -11.155 -4.485
2.185 -11.385 -4.255
2.185 -11.155 -4.255
2.415 -11.155 -4.485
2.185 -11.615 -4.025
2.185 -11.615 -3.795
2.185 -11.385 -4.025
2.185 -11.155 -4.025
2.185 -11.385 -3.795
2.185 -11.155 -3.795
2.415 -11.155 -4.025
2.645 -10.925 -7.015
2.645 -10.695 -7.015
2.645 -10.235 -7.245
2.415 -10.695 -6.785
2.415 -10.925 -6.555
2.645 -10.695 -6.555
2.645 -10.235 -6.555
2.645 -10.005 -7.245
2.645 -9.775 -7.245
2.645 -10.005 -7.015
2.645 -9.775 -7.015
2.645 -9.545 -7.245
2.645 -9.315 -7.015
2.645 -10.005 -6.555
2.645 -9.545 -6.785
2.645 -9.315 -6.785
2.415 -9.315 -6.555
2.645 -9.315 -6.555
2.415 -10.925 -6.325
2.645 -10.695 -6.325
2.415 -10.925 -6.095
2.415 -10.695 -6.095
2.415 -10.465 -6.325
2.415 -10.235 -6.325
2.415 -10.465 -6.095
2.645 -10.925 -5.865
2.415 -10.695 -5.635
2.415 -10.465 -5.865
2.415 -9.775 -6.325
2.645 -9.775 -6.325
2.415 -9.545 -6.325
2.415 -9.315 -6.325
2.415 -9.315 -5.865
1.035 -7.935 -7.015
0.805 -8.395 -6.095
0.345 -7.935 -6.095
0.575 -7.705 -6.325
0.575 -8.165 -5.635
2.645 -8.855 -7.245
2.645 -8.395 -7.245
2.415 -8.625 -7.015
2.645 -8.855 -6.785
2.415 -8.395 -6.555
2.875 -8.855 -7.245
2.645 -7.705 -7.015
2.415 -8.165 -6.785
2.645 -8.165 -6.785
2.645 -7.935 -6.785
2.415 -7.705 -6.555
2.415 -9.085 -6.325
2.415 -9.085 -6.095
2.415 -8.855 -6.095
2.415 -8.395 -6.095
2.415 -8.855 -5.865
2.415 -9.085 -5.635
2.415 -8.855 -5.635
2.415 -8.625 -5.865
2.415 -8.395 -5.865
2.415 -8.625 -5.635
2.415 -8.395 -5.635
2.415 -7.705 -6.325
2.415 -7.475 -6.325
2.415 -7.705 -6.095
2.415 -8.165 -5.865
2.415 -7.935 -5.865
2.415 -7.705 -5.865
2.415 -7.705 -5.635
2.415 -7.475 -5.635
2.415 -10.695 -5.405
2.185 -10.465 -5.175
2.185 -10.235 -5.175
2.185 -10.695 -4.945
2.185 -10.695 -4.715
2.415 -10.925 -4.945
2.415 -10.925 -4.715
2.185 -10.465 -4.945
2.185 -10.235 -4.945
2.185 -10.465 -4.715
2.415 -10.235 -4.715
2.185 -9.775 -5.175
2.185 -9.545 -5.405
2.185 -9.545 -5.175
2.415 -9.545 -5.405
2.415 -9.315 -5.405
2.415 -9.545 -5.175
2.415 -9.315 -5.175
2.185 -10.005 -4.945
2.185 -9.775 -4.945
2.185 -10.005 -4.715
2.185 -9.775 -4.715
2.415 -10.005 -4.945
2.415 -9.775 -4.945
2.415 -9.775 -4.715
2.185 -9.545 -4.715
2.185 -9.315 -4.715
2.415 -9.545 -4.945
2.415 -9.315 -4.945
2.185 -10.695 -4.485
2.185 -10.925 -4.255
2.185 -10.695 -4.255
2.415 -10.925 -4.485
2.415 -10.695 -4.485
2.415 -10.925 -4.255
2.185 -10.465 -4.485
2.185 -10.235 -4.485
2.185 -10.465 -4.255
2.185 -10.235 -4.255
2.185 -10.925 -4.025
2.185 -10.695 -4.025
2.185 -10.925 -3.795
2.185 -10.695 -3.795
2.185 -10.465 -4.025
2.185 -10.235 -4.025
2.185 -10.465 -3.795
2.185 -10.235 -3.795
2.185 -9.775 -4.485
2.185 -10.005 -4.255
2.185 -9.545 -4.485
2.185 -9.545 -4.255
2.185 -9.315 -4.255
2.185 -10.005 -4.025
2.185 -9.775 -4.025
2.185 -10.005 -3.795
2.185 -9.775 -3.795
2.185 -9.545 -4.025
2.185 -9.315 -4.025
2.185 -9.545 -3.795
2.185 -9.315 -3.795
0.575 -8.395 -5.175
0.345 -7.475 -5.405
0.115 -7.475 -5.175
0.575 -7.475 -5.175
0.115 -7.475 -4.945
0.345 -7.475 -4.945
0.115 -7.475 -4.715
0.345 -7.475 -4.715
0.575 -7.475 -4.945
0.575 -7.475 -4.715
1.265 -7.475 -5.175
1.495 -7.475 -5.175
1.265 -7.475 -4.945
1.035 -7.475 -4.715
1.495 -7.475 -4.945
1.495 -7.475 -4.715
0.115 -7.705 -4.485
0.115 -7.475 -4.485
0.345 -7.705 -4.255
0.115 -7.475 -4.255
0.345 -7.475 -4.255
0.575 -7.475 -4.485
0.805 -7.475 -4.485
0.575 -7.705 -4.255
0.805 -7.705 -4.255
0.575 -7.475 -4.255
0.805 -7.475 -4.255
0.115 -7.705 -4.025
0.345 -7.705 -4.025
0.345 -7.475 -4.025
0.115 -7.705 -3.795
0.345 -7.705 -3.795
0.805 -7.705 -4.025
0.575 -7.705 -3.795
0.805 -7.705 -3.795
0.575 -7.475 -3.795
1.035 -7.475 -4.485
1.265 -7.475 -4.485
1.035 -7.475 -4.255
1.265 -7.475 -4.255
1.495 -7.475 -4.485
1.725 -7.475 -4.485
1.495 -7.475 -4.255
1.725 -7.475 -4.255
1.035 -7.705 -4.025
1.265 -7.705 -4.025
1.035 -7.705 -3.795
1.265 -7.705 -3.795
1.035 -7.475 -3.795
1.265 -7.475 -3.795
1.725 -7.705 -4.025
1.495 -7.475 -4.025
1.725 -7.475 -4.025
1.725 -7.705 -3.795
1.495 -7.475 -3.795
1.725 -7.475 -3.795
2.185 -8.855 -5.405
2.415 -9.085 -5.405
2.415 -8.855 -5.405
2.415 -9.085 -5.175
2.415 -8.395 -5.405
2.415 -8.395 -5.175
2.185 -9.085 -4.945
2.185 -8.855 -4.945
2.185 -9.085 -4.715
2.185 -8.855 -4.715
2.415 -9.085 -4.945
2.185 -8.625 -4.945
2.185 -8.395 -4.945
2.185 -8.625 -4.715
2.185 -8.395 -4.715
2.415 -8.395 -4.945
2.185 -7.935 -5.405
2.185 -8.165 -5.175
2.185 -7.935 -5.175
2.415 -8.165 -5.405
1.955 -7.475 -5.175
2.415 -7.705 -5.405
2.415 -7.475 -5.405
2.415 -7.705 -5.175
2.415 -7.475 -5.175
2.185 -8.165 -4.945
2.185 -7.935 -4.945
2.185 -8.165 -4.715
2.185 -7.935 -4.715
2.415 -7.935 -4.945
2.185 -7.705 -4.945
1.955 -7.475 -4.945
2.185 -7.475 -4.945
2.185 -7.705 -4.715
1.955 -7.475 -4.715
2.185 -7.475 -4.715
2.415 -7.705 -4.945
2.415 -7.705 -4.715
2.185 -9.085 -4.485
2.185 -8.855 -4.485
2.185 -9.085 -4.255
2.185 -8.855 -4.255
2.185 -8.625 -4.485
2.185 -8.395 -4.485
2.185 -8.625 -4.255
2.185 -8.395 -4.255
2.415 -8.625 -4.485
2.185 -9.085 -4.025
2.185 -8.855 -4.025
2.185 -9.085 -3.795
2.185 -8.855 -3.795
2.185 -8.625 -4.025
2.185 -8.395 -4.025
2.185 -8.625 -3.795
2.185 -8.395 -3.795
2.185 -8.165 -4.485
2.185 -7.935 -4.485
2.185 -7.705 -4.485
1.955 -7.475 -4.485
2.185 -7.475 -4.485
2.185 -7.705 -4.255
1.955 -7.475 -4.255
2.185 -7.475 -4.255
2.185 -8.165 -4.025
2.185 -7.935 -4.025
2.185 -8.165 -3.795
2.185 -7.935 -3.795
1.955 -7.705 -4.025
2.185 -7.705 -4.025
1.955 -7.475 -4.025
2.185 -7.475 -4.025
1.955 -7.705 -3.795
2.185 -7.705 -3.795
2.185 -7.475 -3.795
2.185 -11.615 -3.565
2.185 -11.615 -3.335
2.185 -11.385 -3.565
2.185 -11.155 -3.565
2.185 -11.385 -3.335
2.185 -11.155 -3.335
2.185 -11.615 -2.875
1.955 -11.385 -3.105
1.955 -11.385 -2.875
1.955 -11.155 -3.105
1.955 -11.155 -2.875
2.185 -11.385 -3.105
2.185 -11.385 -2.875
2.185 -11.155 -3.105
2.185 -11.155 -2.875
1.955 -11.385 -2.645
2.185 -11.385 -2.645
1.955 -11.155 -2.645
2.185 -11.155 -2.645
1.955 -11.155 -2.415
0.115 -11.155 -0.805
2.185 -10.925 -3.565
2.185 -10.695 -3.565
2.185 -10.925 -3.335
1.955 -10.695 -3.335
2.185 -10.695 -3.335
2.185 -10.465 -3.565
2.185 -10.235 -3.565
2.185 -10.465 -3.335
1.955 -10.235 -3.335
2.185 -10.235 -3.335
1.955 -10.925 -3.105
2.185 -10.925 -3.105
1.955 -10.695 -3.105
2.185 -10.695 -3.105
1.955 -10.925 -2.875
1.955 -10.695 -2.875
2.185 -10.465 -3.105
1.955 -10.235 -3.105
2.185 -10.235 -3.105
1.955 -10.465 -2.875
2.185 -10.465 -2.875
1.955 -10.235 -2.875
2.185 -10.005 -3.565
2.185 -9.775 -3.565
1.955 -10.005 -3.335
2.185 -10.005 -3.335
1.955 -9.775 -3.335
2.185 -9.775 -3.335
1.955 -9.545 -3.565
2.185 -9.545 -3.565
2.185 -9.315 -3.565
1.955 -9.545 -3.335
1.955 -9.315 -3.335
1.955 -10.005 -3.105
1.955 -9.775 -3.105
2.185 -9.775 -3.105
1.955 -10.005 -2.875
2.185 -10.005 -2.875
1.955 -9.775 -2.875
1.955 -9.545 -3.105
1.955 -9.315 -3.105
1.955 -9.545 -2.875
1.955 -9.315 -2.875
1.955 -10.925 -2.645
2.185 -10.925 -2.645
1.955 -10.695 -2.645
1.955 -10.925 -2.415
1.955 -10.695 -2.415
1.955 -10.465 -2.645
1.955 -10.235 -2.645
1.955 -10.465 -2.415
1.955 -10.235 -2.415
1.955 -10.005 -2.645
1.955 -9.775 -2.645
1.955 -10.005 -2.415
1.955 -9.775 -2.415
1.955 -9.545 -2.645
1.955 -9.315 -2.645
1.955 -9.545 -2.415
1.955 -9.315 -2.415
1.955 -9.775 -2.185
1.955 -9.545 -2.185
1.955 -9.315 -2.185
0.115 -7.935 -3.335
0.575 -7.935 -3.335
0.115 -7.705 -3.565
0.345 -7.705 -3.565
0.115 -7.705 -3.335
0.345 -7.705 -3.335
0.575 -7.705 -3.565
0.805 -7.705 -3.565
0.575 -7.705 -3.335
0.805 -7.705 -3.335
1.725 -7.935 -3.565
1.495 -7.935 -3.335
1.725 -7.935 -3.335
1.035 -7.705 -3.565
1.265 -7.705 -3.565
1.035 -7.705 -3.335
1.265 -7.705 -3.335
1.495 -7.705 -3.565
1.725 -7.705 -3.565
1.495 -7.475 -3.565
1.495 -7.705 -3.335
1.495 -7.935 -3.105
1.725 -7.935 -3.105
1.035 -7.705 -3.105
1.265 -7.705 -3.105
1.495 -7.705 -3.105
1.725 -7.705 -3.105
2.185 -9.085 -3.565
1.955 -8.855 -3.565
2.185 -8.855 -3.565
1.955 -9.085 -3.335
2.185 -9.085 -3.335
2.185 -8.855 -3.335
2.185 -8.625 -3.565
2.185 -8.395 -3.565
2.185 -8.625 -3.335
1.955 -8.395 -3.335
2.185 -8.395 -3.335
1.955 -9.085 -3.105
1.955 -8.855 -3.105
1.955 -9.085 -2.875
1.955 -8.855 -2.875
1.955 -8.625 -3.105
1.955 -8.395 -3.105
1.955 -8.625 -2.875
1.955 -8.395 -2.875
2.185 -8.165 -3.565
2.185 -7.935 -3.565
1.955 -8.165 -3.335
2.185 -8.165 -3.335
1.955 -7.935 -3.335
2.185 -7.935 -3.335
1.955 -7.705 -3.565
2.185 -7.705 -3.565
1.955 -7.705 -3.335
2.185 -7.705 -3.335
1.955 -8.165 -3.105
1.955 -7.935 -3.105
2.185 -7.935 -3.105
1.955 -8.165 -2.875
2.185 -8.165 -2.875
1.955 -7.935 -2.875
2.185 -7.935 -2.875
1.955 -7.705 -3.105
1.955 -9.085 -2.645
1.955 -8.855 -2.645
1.955 -9.085 -2.415
1.955 -8.855 -2.415
1.955 -8.625 -2.645
1.955 -8.395 -2.645
1.955 -8.625 -2.415
1.955 -8.395 -2.415
2.185 -8.395 -2.415
1.955 -9.085 -2.185
1.955 -8.855 -2.185
1.955 -8.625 -2.185
1.955 -8.165 -2.645
0.345 -10.465 -1.725
0.115 -10.235 -1.495
0.115 -10.925 -1.035
0.575 -10.695 -1.265
0.345 -7.015 -7.245
0.805 -7.015 -7.245
0.805 -7.015 -7.015
0.115 -6.785 -7.245
0.115 -7.015 -6.785
0.345 -7.015 -6.785
0.115 -7.015 -6.555
0.345 -7.015 -6.555
0.575 -7.015 -6.785
0.805 -7.015 -6.785
0.575 -7.015 -6.555
0.805 -7.015 -6.555
1.495 -7.015 -7.015
1.035 -6.785 -7.245
1.265 -6.785 -7.245
1.725 -6.785 -7.015
1.035 -7.015 -6.555
1.265 -7.015 -6.555
1.495 -7.015 -6.785
1.725 -7.015 -6.785
1.495 -7.245 -6.555
1.495 -7.015 -6.555
1.725 -6.785 -6.555
0.345 -7.015 -6.325
0.575 -7.015 -6.325
0.575 -7.245 -6.095
0.575 -7.015 -6.095
0.115 -7.245 -5.865
0.345 -7.245 -5.865
0.345 -7.245 -5.635
0.575 -7.245 -5.865
0.805 -7.245 -5.865
0.575 -7.245 -5.635
0.805 -7.245 -5.635
1.035 -7.015 -6.325
1.265 -7.015 -6.325
1.035 -7.015 -6.095
1.265 -7.015 -6.095
1.495 -7.015 -6.325
1.725 -7.015 -6.325
1.495 -7.245 -5.865
1.725 -7.245 -5.635
1.725 -6.785 -5.635
2.185 -7.015 -7.245
2.185 -7.015 -7.015
2.645 -7.015 -7.245
2.415 -7.015 -7.015
1.955 -6.785 -7.245
2.185 -6.785 -7.245
1.955 -6.785 -7.015
2.185 -6.785 -7.015
2.185 -7.015 -6.785
2.645 -7.245 -6.785
2.415 -7.015 -6.785
2.645 -7.015 -6.785
1.955 -6.785 -6.785
1.955 -6.555 -6.555
1.955 -7.245 -6.325
1.955 -7.015 -6.325
2.185 -7.015 -6.325
1.955 -7.015 -6.095
2.415 -7.015 -6.325
1.955 -6.785 -6.095
1.955 -7.245 -5.865
2.185 -7.245 -5.865
1.955 -7.015 -5.865
1.955 -7.245 -5.635
2.185 -7.245 -5.635
1.955 -7.015 -5.635
2.415 -7.245 -5.865
2.415 -7.245 -5.635
1.955 -6.785 -5.865
0.115 -7.245 -5.405
0.345 -7.245 -5.405
0.345 -7.245 -5.175
0.575 -7.245 -5.405
0.805 -7.245 -5.405
0.805 -7.245 -5.175
0.345 -7.245 -4.945
0.575 -7.245 -4.945
1.035 -7.245 -5.405
1.035 -7.015 -5.405
1.035 -7.245 -5.175
1.265 -7.245 -5.175
1.035 -7.015 -5.175
1.725 -7.015 -5.405
1.495 -7.245 -5.175
1.725 -7.015 -5.175
1.265 -7.245 -4.945
1.725 -7.015 -4.945
1.725 -7.245 -4.715
1.725 -7.245 -4.485
1.725 -7.015 -4.485
1.725 -7.245 -4.255
1.725 -7.245 -4.025
1.955 -7.245 -5.405
2.185 -7.245 -5.405
1.955 -7.015 -5.405
1.955 -7.245 -5.175
2.185 -7.245 -5.175
2.415 -7.245 -5.405
1.955 -7.245 -4.945
1.955 -7.015 -4.945
2.185 -7.245 -4.715
