-0.115 -10.235 -9.775
-1.725 -10.695 -8.165
-1.265 -7.935 -7.475
-0.345 -5.635 -8.165
-0.115 -5.635 -8.165
-0.345 -5.635 -7.935
-0.115 -5.635 -7.935
-0.575 -5.865 -7.475
-0.805 -5.635 -7.475
-0.345 -5.635 -7.705
-1.035 -5.175 -8.625
-0.345 -5.405 -8.855
-1.265 -7.935 -7.245
-0.805 -7.475 -5.405
-1.035 -7.935 -4.485
-0.805 -8.165 -4.485
-0.575 -9.315 -3.105
-0.115 -9.775 -1.955
-0.345 -8.625 -2.875
-0.575 -8.625 -2.415
-0.115 -8.625 -2.415
-0.345 -7.935 -2.645
-0.115 -9.545 -1.725
-0.115 -9.315 -1.035
-0.115 -9.315 -0.805
-1.035 -7.015 -7.245
-0.575 -5.865 -7.245
-0.345 -5.865 -7.245
-0.575 -6.095 -6.555
-0.805 -5.865 -6.785
-0.575 -5.865 -6.785
-0.575 -5.865 -6.555
-0.345 -5.865 -6.785
-0.115 -5.865 -6.785
-0.115 -5.865 -6.555
-1.265 -5.635 -5.635
-0.805 -6.095 -6.325
-0.575 -6.095 -6.325
-0.805 -6.325 -6.095
-0.575 -6.095 -6.095
-0.345 -6.095 -6.325
-0.345 -6.095 -6.095
-0.115 -6.095 -6.095
-0.575 -5.865 -6.325
-0.345 -5.865 -6.325
-0.115 -5.865 -6.325
-0.805 -6.325 -5.865
-0.805 -6.095 -5.865
-0.575 -6.095 -5.865
-0.805 -6.325 -5.635
-0.575 -6.325 -5.635
-0.575 -6.095 -5.635
-0.345 -6.095 -5.865
-0.345 -6.325 -5.635
-0.345 -6.095 -5.635
-0.115 -5.865 -5.865
-1.035 -6.555 -5.175
-0.805 -6.555 -5.175
-1.035 -6.325 -5.175
-1.725 -6.325 -4.945
-1.035 -6.325 -4.945
-1.035 -6.325 -4.715
-0.805 -6.325 -5.405
-0.575 -6.325 -5.405
-0.805 -6.325 -5.175
-0.575 -6.325 -5.175
-0.345 -6.325 -5.405
-0.345 -6.095 -5.405
-0.115 -6.095 -5.405
-0.345 -6.325 -5.175
-0.115 -6.325 -5.175
-0.805 -6.325 -4.945
-0.575 -6.325 -4.945
-0.805 -6.095 -4.945
-0.805 -6.325 -4.715
-0.575 -6.325 -4.715
-0.575 -6.095 -4.715
-0.345 -6.325 -4.945
-0.115 -6.325 -4.945
-0.345 -6.325 -4.715
-0.115 -6.325 -4.715
-0.345 -6.095 -4.715
-0.115 -6.095 -4.715
-0.575 -5.865 -4.715
-0.575 -5.635 -4.715
-0.345 -5.865 -4.715
-0.115 -5.865 -4.715
-0.115 -5.635 -4.715
-1.495 -6.785 -4.255
-0.805 -6.785 -4.255
-0.575 -6.325 -4.485
-0.575 -6.095 -4.485
-0.345 -6.095 -4.485
-0.575 -5.865 -4.485
-0.575 -5.635 -4.485
-0.345 -5.865 -4.485
-0.115 -5.865 -4.485
-0.345 -5.635 -4.485
-0.115 -5.635 -4.485
-0.805 -5.405 -4.715
-0.575 -5.405 -4.485
-0.345 -5.405 -4.485
2.645 -9.545 -9.315
2.875 -9.775 -9.315
2.645 -8.625 -9.315
2.645 -8.395 -9.315
2.645 -8.165 -9.315
2.645 -10.925 -8.625
2.645 -10.695 -8.395
2.645 -10.465 -8.395
2.645 -10.235 -8.395
2.875 -10.925 -8.395
2.875 -10.235 -8.395
2.645 -9.315 -9.085
2.645 -9.545 -8.855
2.645 -10.005 -8.625
2.645 -9.775 -8.625
2.645 -9.775 -8.395
2.645 -10.695 -8.165
2.645 -10.235 -8.165
2.645 -10.465 -7.935
2.415 -10.925 -7.705
2.645 -10.465 -7.705
2.645 -10.005 -7.935
2.645 -9.545 -8.165
2.645 -9.315 -8.165
2.645 -9.545 -7.935
2.645 -9.315 -7.935
2.645 -9.775 -7.705
2.415 -9.775 -7.475
2.645 -9.085 -9.085
2.645 -8.395 -8.855
2.645 -9.085 -8.625
2.645 -8.855 -8.625
2.645 -8.165 -9.085
2.415 -7.935 -9.085
2.645 -7.935 -9.085
2.645 -7.935 -8.855
2.645 -7.705 -8.855
2.645 -7.475 -8.855
2.645 -8.165 -8.625
2.645 -8.165 -8.395
2.415 -7.475 -8.395
2.645 -8.395 -8.165
2.415 -9.085 -7.705
2.645 -7.935 -8.165
2.415 -7.705 -7.935
2.185 -7.475 -7.475
2.415 -7.705 -7.705
1.035 -6.555 -9.315
0.805 -5.635 -8.855
0.805 -6.095 -8.395
0.115 -5.635 -8.395
0.575 -5.635 -8.395
1.265 -6.095 -8.855
1.035 -5.865 -9.085
1.725 -5.865 -8.855
1.265 -5.635 -8.395
0.805 -7.015 -7.935
0.115 -7.015 -7.705
0.345 -5.635 -8.165
0.115 -5.635 -7.935
0.575 -5.635 -8.165
0.805 -5.635 -8.165
0.805 -5.865 -7.935
0.805 -5.635 -7.935
0.345 -5.635 -7.705
0.345 -5.635 -7.475
0.575 -5.635 -7.705
0.805 -5.635 -7.475
1.265 -5.635 -8.165
1.035 -5.635 -7.935
1.265 -5.635 -7.935
1.035 -5.635 -7.705
1.265 -5.635 -7.705
2.415 -7.015 -8.395
2.415 -6.785 -8.395
2.415 -5.865 -8.855
2.185 -5.635 -8.395
2.415 -5.865 -8.395
2.415 -5.635 -8.395
2.415 -7.015 -8.165
2.415 -7.245 -7.475
2.415 -7.015 -7.475
2.185 -6.785 -7.475
2.415 -6.325 -8.165
2.415 -5.635 -8.165
2.415 -5.865 -7.935
2.415 -6.325 -7.705
2.415 -6.095 -7.705
2.185 -5.635 -7.705
1.955 -5.865 -7.475
2.185 -5.865 -7.475
0.115 -5.405 -8.855
0.115 -5.405 -8.395
1.495 -5.405 -8.625
1.725 -5.175 -8.625
1.495 -5.405 -8.395
1.495 -5.405 -8.165
1.725 -5.405 -7.935
1.495 -5.405 -7.705
1.725 -5.405 -7.705
1.955 -5.175 -8.625
1.955 -5.405 -8.395
2.415 -10.925 -7.015
2.645 -10.465 -7.245
2.645 -10.235 -7.245
2.415 -10.465 -7.015
2.645 -10.235 -7.015
2.185 -10.695 -6.555
2.645 -10.465 -6.785
2.645 -10.235 -6.785
2.415 -10.465 -6.555
2.645 -10.235 -6.555
2.415 -10.005 -7.015
2.415 -9.545 -7.245
2.415 -9.315 -7.245
2.415 -9.545 -7.015
2.415 -10.005 -6.555
2.415 -9.775 -6.555
2.415 -9.545 -6.555
2.185 -10.695 -6.325
2.415 -10.695 -6.095
2.415 -10.465 -6.095
2.415 -10.695 -5.865
2.415 -10.695 -5.635
2.415 -10.465 -5.865
2.185 -9.775 -6.325
2.185 -9.775 -6.095
2.415 -10.005 -6.095
2.185 -9.545 -6.325
2.185 -9.315 -6.325
2.185 -9.315 -6.095
2.415 -9.545 -6.095
2.185 -10.005 -5.865
2.185 -9.775 -5.635
2.185 -9.315 -5.635
2.415 -9.085 -7.245
2.185 -9.085 -6.555
2.415 -8.395 -6.785
2.415 -7.935 -7.245
2.415 -7.935 -7.015
2.415 -7.705 -7.245
2.415 -7.475 -7.245
2.415 -7.705 -7.015
2.185 -8.165 -6.555
2.185 -7.705 -6.785
2.415 -7.705 -6.785
2.185 -9.085 -6.325
2.185 -8.855 -6.325
2.185 -9.085 -6.095
2.185 -8.855 -6.095
2.185 -8.625 -6.325
2.185 -8.625 -6.095
2.185 -8.395 -6.095
2.185 -9.085 -5.865
2.185 -8.855 -5.865
2.185 -9.085 -5.635
2.185 -8.855 -5.635
2.185 -8.625 -5.865
1.955 -8.625 -5.635
2.185 -8.625 -5.635
2.185 -8.395 -5.635
2.185 -8.165 -6.325
2.185 -7.475 -6.095
2.415 -7.705 -6.325
2.415 -7.475 -6.325
2.185 -8.165 -5.865
2.185 -8.165 -5.635
2.185 -7.475 -5.865
2.185 -10.235 -5.405
2.185 -10.465 -5.175
2.185 -10.235 -5.175
2.185 -10.465 -4.945
2.185 -10.235 -4.945
2.185 -10.465 -4.715
2.185 -10.235 -4.715
2.185 -9.775 -5.405
2.185 -10.005 -5.175
2.185 -9.545 -5.405
2.185 -9.315 -5.405
2.185 -9.545 -5.175
2.185 -9.315 -5.175
2.185 -10.005 -4.945
2.185 -9.775 -4.945
2.185 -10.005 -4.715
2.185 -9.775 -4.715
2.185 -9.545 -4.945
2.185 -9.315 -4.945
2.185 -9.545 -4.715
2.185 -9.315 -4.715
2.185 -10.235 -4.485
2.185 -10.465 -4.255
2.185 -10.235 -4.255
2.185 -10.235 -4.025
1.955 -10.235 -3.795
2.185 -10.235 -3.795
2.185 -10.005 -4.485
2.185 -9.775 -4.485
2.185 -10.005 -4.255
2.185 -9.775 -4.255
2.185 -9.545 -4.485
2.185 -9.315 -4.485
2.185 -9.545 -4.255
1.955 -9.315 -4.255
2.185 -10.005 -4.025
1.955 -9.775 -4.025
2.185 -9.775 -4.025
1.955 -10.005 -3.795
2.185 -10.005 -3.795
1.955 -9.775 -3.795
1.955 -9.545 -4.025
1.955 -9.315 -4.025
1.955 -9.545 -3.795
1.955 -9.315 -3.795
2.185 -8.855 -5.405
2.185 -9.085 -5.175
2.185 -8.855 -5.175
2.185 -8.625 -5.405
2.185 -8.395 -5.405
2.185 -8.625 -5.175
2.185 -8.395 -5.175
2.185 -9.085 -4.945
2.185 -8.855 -4.945
2.185 -9.085 -4.715
1.955 -8.855 -4.715
2.185 -8.855 -4.715
1.955 -8.625 -4.715
1.955 -8.395 -4.715
2.185 -8.165 -5.405
2.185 -7.935 -5.405
2.185 -8.165 -5.175
1.955 -7.475 -5.405
2.185 -7.475 -5.405
1.955 -7.705 -5.175
1.955 -8.165 -4.945
1.955 -7.935 -4.945
1.955 -8.165 -4.715
1.955 -7.935 -4.715
2.185 -7.935 -4.715
1.955 -7.705 -4.945
1.955 -7.475 -4.945
2.185 -7.705 -4.715
1.955 -7.475 -4.715
2.185 -9.085 -4.485
1.955 -8.855 -4.485
2.185 -8.855 -4.485
1.955 -9.085 -4.255
2.185 -9.085 -4.255
1.955 -8.855 -4.255
2.185 -8.855 -4.255
1.955 -8.625 -4.485
1.955 -8.395 -4.485
2.185 -8.395 -4.485
1.955 -8.625 -4.255
2.185 -8.625 -4.255
1.955 -8.395 -4.255
2.185 -8.395 -4.255
1.955 -9.085 -4.025
1.955 -8.855 -4.025
1.955 -9.085 -3.795
2.185 -9.085 -3.795
1.955 -8.855 -3.795
1.955 -8.625 -4.025
1.955 -8.395 -4.025
1.955 -8.625 -3.795
1.955 -8.395 -3.795
1.955 -8.165 -4.485
1.955 -7.935 -4.485
1.955 -8.165 -4.255
2.185 -8.165 -4.255
1.955 -7.935 -4.255
1.955 -7.705 -4.485
1.955 -7.475 -4.485
1.955 -7.705 -4.255
1.955 -7.475 -4.255
1.955 -8.165 -4.025
1.955 -7.935 -4.025
1.955 -8.165 -3.795
1.955 -7.935 -3.795
1.955 -7.705 -4.025
1.955 -7.475 -4.025
1.955 -7.705 -3.795
1.955 -7.475 -3.795
1.725 -10.005 -2.415
1.725 -9.775 -2.415
1.725 -9.545 -2.645
1.725 -9.315 -2.645
1.725 -9.315 -2.415
1.955 -10.235 -3.565
2.185 -10.235 -3.565
1.955 -10.235 -3.335
1.955 -10.235 -3.105
1.955 -10.235 -2.875
1.955 -10.005 -3.565
1.955 -9.775 -3.565
1.955 -10.005 -3.335
1.955 -9.775 -3.335
1.955 -9.545 -3.565
1.955 -9.315 -3.565
1.955 -9.545 -3.335
1.955 -9.315 -3.335
1.955 -10.005 -3.105
1.955 -9.775 -3.105
1.955 -10.005 -2.875
1.955 -9.775 -2.875
1.955 -9.545 -3.105
1.955 -9.315 -3.105
1.955 -9.545 -2.875
1.955 -9.315 -2.875
1.955 -10.235 -2.645
1.955 -10.005 -2.645
1.955 -9.775 -2.645
1.955 -9.545 -2.645
1.955 -9.315 -2.645
1.955 -9.545 -2.415
0.575 -8.855 -3.335
1.725 -8.165 -2.875
1.725 -7.705 -2.875
1.725 -7.475 -2.875
0.575 -8.395 -1.955
1.725 -9.085 -2.645
1.725 -9.085 -2.415
1.725 -8.855 -2.415
1.725 -8.625 -2.645
1.725 -8.625 -2.415
1.725 -8.395 -2.415
1.725 -8.625 -2.185
0.345 -7.935 -1.955
0.575 -7.935 -1.955
1.725 -8.165 -2.645
1.725 -7.935 -2.645
1.725 -8.165 -2.415
1.725 -7.935 -2.415
1.725 -7.705 -2.645
1.725 -7.475 -2.645
1.725 -7.705 -2.415
1.725 -7.475 -2.415
1.725 -8.165 -2.185
1.725 -7.935 -2.185
1.725 -7.705 -2.185
1.725 -7.475 -2.185
1.955 -9.085 -3.565
1.955 -8.855 -3.565
1.955 -9.085 -3.335
1.955 -8.855 -3.335
1.955 -8.625 -3.565
1.955 -8.395 -3.565
1.955 -8.625 -3.335
1.955 -8.395 -3.335
1.955 -9.085 -3.105
1.955 -8.855 -3.105
1.955 -9.085 -2.875
1.955 -8.855 -2.875
1.955 -8.625 -3.105
1.955 -8.395 -3.105
1.955 -8.625 -2.875
1.955 -8.395 -2.875
1.955 -8.165 -3.565
1.955 -7.935 -3.565
1.955 -8.165 -3.335
1.955 -7.935 -3.335
1.955 -7.705 -3.565
1.955 -7.475 -3.565
1.955 -7.705 -3.335
1.955 -7.475 -3.335
1.955 -8.165 -3.105
1.955 -7.935 -3.105
1.955 -8.165 -2.875
1.955 -7.935 -2.875
1.955 -7.705 -3.105
1.955 -7.475 -3.105
1.955 -7.705 -2.875
1.955 -7.475 -2.875
1.955 -9.085 -2.645
1.955 -8.855 -2.645
1.955 -9.085 -2.415
1.955 -8.855 -2.415
1.955 -8.625 -2.645
1.955 -8.395 -2.645
1.955 -8.625 -2.415
1.955 -8.395 -2.415
1.955 -8.165 -2.645
1.955 -8.165 -2.415
1.955 -7.705 -2.645
1.955 -7.475 -2.645
0.345 -9.315 -1.035
0.575 -7.935 -1.725
0.575 -8.855 -0.805
0.115 -5.635 -7.245
0.345 -5.865 -7.015
0.575 -5.865 -7.015
0.805 -5.865 -7.015
0.115 -5.865 -6.785
0.345 -5.865 -6.785
0.115 -5.865 -6.555
0.345 -5.865 -6.555
0.575 -5.865 -6.785
0.805 -5.865 -6.555
1.035 -5.865 -7.015
1.265 -5.865 -7.015
1.725 -5.865 -7.245
1.725 -5.635 -7.245
1.495 -5.865 -7.015
1.495 -5.635 -7.015
1.035 -5.865 -6.785
1.265 -5.865 -6.785
1.035 -5.635 -6.785
1.265 -5.635 -6.555
1.495 -5.635 -6.785
1.725 -5.635 -6.785
1.495 -5.635 -6.555
1.725 -5.635 -6.555
0.115 -6.095 -6.095
0.345 -6.095 -6.095
0.575 -6.095 -6.325
0.805 -6.095 -6.325
0.575 -5.865 -6.325
0.115 -6.095 -5.865
0.345 -6.095 -5.865
0.115 -6.095 -5.635
0.345 -6.095 -5.635
0.575 -6.095 -5.865
0.575 -6.095 -5.635
0.805 -6.095 -5.635
0.805 -5.865 -5.635
1.265 -5.865 -6.325
1.035 -5.865 -6.095
1.495 -5.635 -6.325
1.725 -5.635 -6.325
1.495 -5.865 -6.095
1.725 -5.865 -6.095
1.725 -5.635 -6.095
1.265 -6.095 -5.865
1.035 -6.095 -5.635
1.265 -6.095 -5.635
1.265 -5.865 -5.865
1.725 -5.865 -5.865
1.495 -5.865 -5.635
1.725 -5.865 -5.635
2.185 -7.015 -7.015
2.415 -7.245 -7.245
2.415 -7.245 -7.015
2.185 -6.785 -7.245
2.185 -6.785 -7.015
2.185 -6.555 -7.015
2.185 -7.015 -6.785
2.415 -7.245 -6.785
2.185 -6.785 -6.785
2.185 -6.555 -6.555
2.185 -6.325 -7.015
2.185 -6.095 -7.015
2.415 -6.325 -7.245
1.955 -5.865 -7.245
2.185 -5.635 -7.245
1.955 -5.865 -7.015
2.185 -5.865 -7.015
1.955 -5.635 -7.015
2.185 -5.635 -7.015
2.185 -6.095 -6.555
1.955 -5.635 -6.785
1.955 -5.865 -6.555
2.185 -5.865 -6.555
2.185 -7.245 -6.325
2.185 -7.015 -6.325
2.185 -7.245 -6.095
2.185 -6.785 -6.325
2.185 -6.785 -6.095
2.185 -6.555 -6.095
2.185 -7.245 -5.865
2.185 -7.015 -5.865
2.185 -7.245 -5.635
2.185 -7.015 -5.635
2.185 -6.785 -5.865
2.185 -6.785 -5.635
2.185 -6.325 -6.325
2.185 -6.325 -6.095
2.185 -6.095 -6.095
1.955 -5.865 -6.095
1.955 -6.095 -5.865
2.185 -6.095 -5.865
2.185 -6.325 -5.635
1.955 -6.095 -5.635
2.185 -6.095 -5.635
1.955 -5.865 -5.865
1.955 -5.865 -5.635
0.115 -6.325 -5.175
0.345 -6.095 -5.175
0.575 -6.325 -5.175
0.575 -6.095 -5.175
0.805 -6.095 -5.175
0.115 -6.325 -4.945
0.345 -6.325 -4.945
0.115 -6.325 -4.715
0.345 -6.325 -4.715
0.115 -6.095 -4.715
0.345 -6.095 -4.715
0.805 -6.325 -4.945
0.575 -6.325 -4.715
0.805 -6.325 -4.715
0.575 -6.095 -4.715
0.805 -6.095 -4.715
0.345 -5.865 -4.945
0.345 -5.865 -4.715
0.115 -5.635 -4.715
0.575 -5.865 -4.715
0.805 -5.865 -4.715
0.575 -5.635 -4.715
0.805 -5.635 -4.715
1.265 -6.095 -5.405
1.035 -6.325 -5.175
1.035 -6.095 -5.175
1.265 -6.095 -5.175
1.725 -6.095 -5.405
1.495 -6.095 -5.175
1.035 -6.325 -4.945
1.265 -6.325 -4.945
1.035 -6.325 -4.715
1.265 -6.325 -4.715
1.035 -6.095 -4.715
1.265 -6.095 -4.715
1.725 -6.325 -4.945
1.495 -6.095 -4.945
1.495 -6.325 -4.715
1.725 -6.325 -4.715
1.495 -6.095 -4.715
1.265 -5.865 -4.715
1.495 -5.865 -4.715
1.725 -5.865 -4.715
1.495 -6.555 -4.485
0.115 -5.865 -4.485
0.115 -5.635 -4.485
0.345 -5.635 -4.485
0.575 -5.635 -4.485
0.805 -5.635 -4.485
1.265 -6.095 -4.255
1.495 -6.325 -4.485
1.725 -6.325 -4.485
1.495 -6.095 -4.485
1.725 -6.095 -4.485
1.725 -6.095 -4.255
1.035 -5.635 -4.485
1.495 -5.865 -4.485
1.725 -5.865 -4.485
1.495 -5.635 -4.485
1.725 -5.635 -4.485
1.495 -5.865 -4.255
1.725 -5.865 -4.255
1.495 -5.635 -4.255
1.725 -6.095 -4.025
1.725 -6.095 -3.795
2.185 -7.015 -5.405
2.185 -7.245 -5.175
2.185 -7.015 -5.175
2.185 -6.785 -5.405
2.185 -6.555 -5.405
1.955 -6.785 -5.175
1.955 -6.555 -5.175
1.955 -6.785 -4.945
2.185 -6.785 -4.945
1.955 -6.785 -4.715
1.955 -6.555 -4.715
1.955 -6.325 -5.175
2.185 -6.325 -5.175
1.955 -6.325 -4.945
1.955 -6.325 -4.715
1.955 -6.095 -4.715
1.955 -7.245 -4.485
1.955 -7.015 -4.485
1.955 -7.015 -4.255
1.955 -6.785 -4.485
1.955 -6.555 -4.485
1.955 -6.785 -4.255
1.955 -7.245 -4.025
1.955 -7.015 -4.025
1.955 -7.245 -3.795
1.955 -7.015 -3.795
1.955 -6.785 -4.025
1.955 -6.555 -4.025
1.955 -6.785 -3.795
1.955 -6.555 -3.795
1.955 -6.325 -4.485
1.955 -6.095 -4.485
1.955 -6.325 -4.255
1.955 -6.095 -4.255
1.955 -5.865 -4.255
1.955 -6.325 -4.025
1.955 -6.095 -4.025
1.955 -6.325 -3.795
1.955 -6.095 -3.795
1.955 -5.865 -4.025
1.955 -5.635 -4.025
1.955 -5.865 -3.795
0.115 -5.405 -4.485
0.345 -5.405 -4.485
0.575 -5.405 -4.485
0.805 -5.405 -4.485
1.035 -5.405 -4.485
1.265 -5.405 -4.485
1.725 -5.405 -4.255
1.955 -5.405 -4.715
1.955 -5.175 -4.715
1.955 -5.405 -4.485
1.725 -6.785 -3.335
1.725 -6.555 -3.335
1.725 -7.245 -3.105
1.725 -7.015 -3.105
1.725 -7.245 -2.875
1.725 -7.015 -2.875
1.725 -6.785 -3.105
1.725 -6.325 -3.565
1.725 -7.245 -2.645
1.725 -7.015 -2.645
1.725 -7.245 -2.415
1.725 -7.015 -2.415
1.725 -7.245 -2.185
1.955 -7.245 -3.565
1.955 -7.245 -3.335
1.955 -7.015 -3.335
1.955 -6.785 -3.565
1.955 -6.555 -3.565
1.955 -6.785 -3.335
1.955 -6.555 -3.335
1.955 -7.245 -3.105
1.955 -7.245 -2.875
1.955 -7.015 -2.875
1.955 -6.785 -3.105
1.955 -6.555 -3.105
1.955 -6.785 -2.875
1.955 -6.325 -3.565
1.955 -6.095 -3.565
1.955 -6.325 -3.335
1.955 -6.095 -3.335
1.955 -5.865 -3.565
1.955 -7.245 -2.415
